,function,instance,http://w3id.org/ontoopt/diff_mean_02,http://w3id.org/ontoopt/diff_mean_05,http://w3id.org/ontoopt/diff_mean_10,http://w3id.org/ontoopt/diff_mean_25,http://w3id.org/ontoopt/diff_median_02,http://w3id.org/ontoopt/diff_median_05,http://w3id.org/ontoopt/diff_median_10,http://w3id.org/ontoopt/diff_median_25,http://w3id.org/ontoopt/dist_ratio.coeff_var,http://w3id.org/ontoopt/eps.max,http://w3id.org/ontoopt/eps.ratio,http://w3id.org/ontoopt/eps.s,http://w3id.org/ontoopt/expl_var.cor_init,http://w3id.org/ontoopt/expl_var.cor_x,http://w3id.org/ontoopt/expl_var.cov_init,http://w3id.org/ontoopt/expl_var.cov_x,http://w3id.org/ontoopt/expl_var_PC1.cor_init,http://w3id.org/ontoopt/expl_var_PC1.cor_x,http://w3id.org/ontoopt/expl_var_PC1.cov_init,http://w3id.org/ontoopt/expl_var_PC1.cov_x,http://w3id.org/ontoopt/h.max,http://w3id.org/ontoopt/kurtosis,http://w3id.org/ontoopt/lin_simple.adj_r2,http://w3id.org/ontoopt/lin_simple.coef.max,http://w3id.org/ontoopt/lin_simple.coef.max_by_min,http://w3id.org/ontoopt/lin_simple.coef.min,http://w3id.org/ontoopt/lin_simple.intercept,http://w3id.org/ontoopt/lin_w_interact.adj_r2,http://w3id.org/ontoopt/m0,http://w3id.org/ontoopt/nb_fitness.cor,http://w3id.org/ontoopt/nn_nb.cor,http://w3id.org/ontoopt/nn_nb.mean_ratio,http://w3id.org/ontoopt/nn_nb.sd_ratio,http://w3id.org/ontoopt/number_of_peaks,http://w3id.org/ontoopt/quad_simple.adj_r2,http://w3id.org/ontoopt/quad_simple.cond,http://w3id.org/ontoopt/quad_w_interact.adj_r2,http://w3id.org/ontoopt/ratio_mean_02,http://w3id.org/ontoopt/ratio_mean_05,http://w3id.org/ontoopt/ratio_mean_10,http://w3id.org/ontoopt/ratio_mean_25,http://w3id.org/ontoopt/ratio_median_02,http://w3id.org/ontoopt/ratio_median_05,http://w3id.org/ontoopt/ratio_median_10,http://w3id.org/ontoopt/ratio_median_25,http://w3id.org/ontoopt/skewness,r1,r2,r3,r4,r5,r6,r7,r8,r9,r10
0,10,1,-1.7556749431123402,-1.4925478057582515,-1.1298132994037071,-0.980944394979486,-1.9366906952076768,-1.742004368258792,-1.1985732644567104,-0.9600039667882712,0.2648061982548308,742798.248256491,6.161161161161161,6.991991991991991,0.480765661100816,0.4838778161930736,0.4831295278716867,0.4875611098199482,0.4843352524560263,0.4789198609196309,0.4963665319262741,0.488923187627997,0.7383456000682064,4.749648127779757,0.6255508079154259,3372103.308406599,19.269879615338542,176445.88203905296,11887618.49884665,0.8991727325208175,0.5020080321285141,-0.2482692424198461,0.785019883495316,0.8180619476056354,0.8235546554289942,8.0,0.710434128319914,15.231758604327538,0.994966077885718,0.7979411618167191,0.8280845505755388,0.8699677674479831,0.8873389057505601,0.7812153222473792,0.8027002669077038,0.8641835828610616,0.891225818986213,2.06424849897731,8.545521136,1.0226122368,778.9784174664,367.1039535429,7.689353863,15.5371006761,0.011221037,15.5406918908,15.5371008825,15.5371006848
1,10,2,-1.96980732938612,-1.5514927915801977,-1.3558611431112704,-1.3039006179235986,-2.3022105671358557,-1.7543133563859,-1.4259236560503177,-1.3530367645368029,0.2659855078119927,709334.1204987989,6.191191191191191,7.052052052052051,0.4530993067863383,0.4535112730620143,0.4587106795111074,0.4534811179881437,0.4522233200863933,0.4529600570539247,0.4586876888271326,0.4584857829519773,0.7420156446336224,2.2715767778660747,0.6961701386751006,3235294.20125268,2.9763427541287646,1079965.1530306097,15002970.455738343,0.945571857836396,0.4959839357429719,-0.2317838921133976,0.788439976708876,0.8178628586687018,0.83200881296512,10.0,0.7494972415628738,20.43775903463549,0.994629679687822,0.7733131801333638,0.8213191754316043,0.8438977365034426,0.8498477129984103,0.7391415918300728,0.8010357632719314,0.8384854285065653,0.8468507580840439,1.643487521216613,8.9804931134,277.0515822594,0.0100198165,6.8429770943,31.5040440358,277.0515822764,0.4661582233,29.7381760624,3.7745647995,8.7029850431
2,10,3,-1.7357376403098113,-1.319688240941535,-1.1856849039871276,-0.9977291285149654,-1.736147101117263,-1.3827484814238231,-1.27691090320649,-1.0061043422315308,0.2629670145019585,513701.35433513386,6.051051051051051,6.791791791791791,0.6,0.6,0.6,0.6,0.6,0.6,0.6,0.6,0.7586753196571736,3.968701907643323,-0.0063498218754345,172343.9280397796,10.580062816876724,16055.079090248551,6305171.986818491,0.3277770885766209,0.5160642570281124,-0.3152285455035284,0.7581613951972401,0.8211080926741225,0.824817123057888,11.0,0.4804354061580405,78.06593428938655,0.9975400539229924,0.8002355317374794,0.8481086073449646,0.8634848633070996,0.8851624316953025,0.8040062434718093,0.8436621503943765,0.8549145147831937,0.8861267036465673,1.8766576066248677,0.3505958784,2.381985715,38.0192121046,2.5378951251,11.6973745129,0.0001923852,11.697406048,11.6973934795,0.0001072939,75.2975952317
3,10,4,-4.385066142734441,-3.3475651668918327,-2.777607921978521,-1.8427329401382415,-4.745824650505563,-3.840851386723669,-3.086408383800693,-2.053394128065346,0.2631866513882263,1074066.1533334325,6.331331331331331,7.212212212212211,0.4546683375279817,0.4523534362317996,0.4634548892233655,0.4564644124595034,0.4544445180461104,0.4558724376659376,0.4570236188846787,0.4623227753663861,0.7496383214461417,4.016945812626435,0.8183232783006241,5651359.68842998,12.906371765857031,435372.46341820265,23442125.41851393,0.952682948673643,0.4899598393574297,-0.2347270616271151,0.8102907616407194,0.822188812918905,0.8511056299991447,8.0,0.8552610823991778,22.296896035577184,0.9940074616731008,0.4956926744912525,0.6144929877250527,0.6805727024294557,0.7881374727835977,0.4638618407552071,0.5662780444504547,0.651290099713793,0.766934379960655,1.7194451079741473,28598.3416798592,20.4729003306,11.6648042746,4.9928766483,4.9928767319,0.3627853442,20.4729003306,12.7448215381,747.7756006049,6.3826877651
4,10,5,-2.8024815720139027,-2.3847398053808577,-2.184591063010352,-1.9758355282214144,-3.1076763638696776,-2.8108248753392475,-2.493317918312788,-2.314511503098714,0.2620543381336315,957406.409549388,6.291291291291291,7.272272272272271,0.4722536848800438,0.4749849220845757,0.4397492305527165,0.436967522976895,0.4745452148022374,0.4761455968157747,0.4428036917875103,0.4410919838295857,0.7443764497400787,2.0631230655789485,0.7641011754835678,4666921.090136621,3.304101870649641,1402618.854622994,23272771.18650714,0.965608021827953,0.4909638554216867,-0.1882672944848081,0.8041463138592652,0.8177312973560737,0.83159977076434,11.0,0.8604453768572022,17.133859479127942,0.9961098173800488,0.6774908767817316,0.7260376606330314,0.7482575378371721,0.7729061036462481,0.6483822202073305,0.6819204936979483,0.7162399840335759,0.7380784448743882,1.5670878790118543,0.0783161671,27.0776098946,0.4239189023,234.5407661045,1176.1288220316,16.6767195716,9.2438431172,19.954031383,0.0114530315,47.3431191933
5,11,1,-1.2819213677870054,-1.3049762297438687,-1.1804479049063077,-1.1739048361038775,-1.4212401906193826,-1.4598335389619823,-1.340976730449615,-1.2436896531258794,0.2680946391237589,677377.5997517745,6.171171171171171,7.072072072072071,0.4448955252998775,0.4509028375857277,0.4512429432727218,0.4504274090615473,0.4514534397597154,0.4514869699138727,0.4502606948704799,0.4447866875493856,0.7411234337952721,1.4398273937616182,0.6478390541339363,3836329.471928964,13.381358578724406,285310.4425289986,13895227.117613494,0.898467854511559,0.4979919678714859,-0.2105576908239697,0.7637569826954373,0.8088128399181049,0.783939697522843,12.0,0.8266691905077208,65.23250421172597,0.9969758119430128,0.8524847337634934,0.8497400747738868,0.8642637151120476,0.8652044804522621,0.8393462614760369,0.8347803570287142,0.8489460788062257,0.8592533908022377,1.5172392533126249,9.8888458782,0.9369973345,0.0239728373,0.3992053975,19.7077953735,10.7547224323,4.8188452897,4.9284122156,34.1543987381,3.6930383324
6,11,2,-1.3415853238652318,-1.5141106322455893,-1.4678476761295869,-1.29081453134277,-1.489829042945768,-1.7677117836840663,-1.6626495876823788,-1.4889762050308477,0.2709672693036148,537936.1503980698,6.051051051051051,6.871871871871871,0.4687862915206783,0.4611703874288498,0.4703288468189769,0.4775201313487359,0.4640292654530681,0.4721713570318345,0.4699855830675282,0.4678660728717504,0.7447648137893738,6.443566096641446,0.4076869469706932,1793914.7390281684,15.82698494300742,111743.16508864149,8653580.165699298,0.8508605386921735,0.5160642570281124,-0.2536236341750678,0.7329792589362296,0.8084222415914801,0.7785611523854359,11.0,0.5088690808249576,13.892909733094056,0.9972609797168968,0.8454896934097326,0.8258317250623768,0.8310895955269282,0.8513387974835067,0.8315034321259005,0.7999208477367801,0.8115114740736524,0.8318655025495085,2.16351951272041,4.4961948448,0.191269036,0.0318499048,0.002843012,72.1714425635,16.9034380789,1.6968519443,0.9406093389,0.0818546357,8.3765967709
7,11,3,-0.8239744786262739,-0.9797003806379552,-1.0392473121660912,-0.8802327007872015,-0.7366573128340113,-1.048538289612596,-1.1133375868423974,-0.9590822604720666,0.2724867234012934,677377.5997517745,6.151151151151151,7.072072072072071,0.49739156619308,0.4889658114117944,0.5000758083155497,0.5005594959833054,0.495142759481825,0.4958696564586319,0.5087627923546404,0.4962971002541408,0.750214599698879,2.819460428396916,0.6963299736546218,3880772.022270742,83.81575108120745,46858.8912120061,12871608.683695745,0.9044145795322568,0.501004016064257,-0.2326587503264588,0.7375930143287912,0.8056452732237367,0.7711533527013642,11.0,0.7957589919701382,47.9746845110692,0.9955632512102476,0.9052120307494824,0.8872162666020571,0.8804772990070663,0.8987632451165832,0.9169378985722344,0.8814374069391792,0.8738445198577862,0.8913519459306488,1.7193396444673326,0.0015152021,0.4392837404,0.0974508339,0.0234964948,0.0721841803,9.5478e-06,0.0010802203,2.1641198167,53.7926442034,1.17008e-05
8,11,4,-0.5962711885477843,-0.6035944898186161,-0.6205209649982661,-0.5972846766740334,-0.4469888076906469,-0.5607451865882807,-0.5714732189056599,-0.5698604651393131,0.2707145362710437,525818.7523666018,6.051051051051051,6.851851851851851,0.5246540887105171,0.5215511697886466,0.5388225895587477,0.5484100362331015,0.5262109726888767,0.5358149796788387,0.5304755352490771,0.5533938934320579,0.7547911013024992,5.29395467308185,-0.008132206480888,155323.8077353784,7.867172136469895,21911.274624208687,6878460.264063774,0.7184765754776888,0.5261044176706827,-0.2766190710809119,0.7158544513702704,0.8065996954488015,0.7648489876970939,11.0,0.277052598989083,31.33214987845075,0.9972103296088992,0.9313940796723356,0.9304536047769976,0.928568629719132,0.9312446204036248,0.9495912883594416,0.9362915103031564,0.9354498426683644,0.935667095978421,2.086929157820051,0.0015076698,3.1858145558,3.919268209,3.6010111731,9.8785820428,1.0255918591,0.6356638471,8.113853534,0.0125603697,9.6925668503
9,11,5,-0.9638678985781132,-0.9064905002249396,-0.8369909189618334,-0.5896496342070598,-0.856229529912603,-0.8429850910678534,-0.8379478652228984,-0.6172263517152237,0.2679238586186501,709334.1204987989,6.171171171171171,6.861861861861861,0.4752396693620799,0.4850261208266571,0.4839508209179144,0.4853132631192022,0.4704433418190955,0.4804143715686843,0.4782328992555072,0.4798250556864645,0.7568599525916722,1.9798129815046976,0.0357675681213968,561360.4203115356,14.717431363272642,40546.3252405484,8403929.140321858,0.5702888805102635,0.4959839357429719,-0.3186963837264267,0.7401159726291655,0.8098361413550985,0.7836664017625068,7.0,0.6084010361357439,44.75748257072266,0.9979499096673186,0.8890454878158065,0.8957018117449002,0.9037028473514618,0.9322362525443242,0.9031218604518154,0.904894359087362,0.9051549875338544,0.9301693131317788,1.34945809136731,0.1520848429,0.0948490933,0.0055104342,0.0470366305,0.056568079,20.3080742446,0.3053753373,1.4927832784,1.23e-08,0.0650898648
10,12,1,-3.7732117057653554,-3.0109838453459847,-2.438386646152143,-1.6968679736836694,-4.095345809129565,-3.334274869416627,-2.722666842755916,-1.8605756244050804,0.2542896003583937,5391774.640387494,7.072072072072071,9.414414414414416,0.5122013036862809,0.5076664379379265,0.508347093651801,0.5077316079759828,0.5136861385720033,0.5086885242774482,0.5063720218497989,0.5056677143430667,0.7654656083017892,180.12176566402718,0.1329051194593405,263086867.0057178,6.550734593251124,37379581.98255408,494360648.6035042,0.3750537186263137,0.4899598393574297,-0.1020278571097952,0.8422770895886245,0.8408697973620328,0.9202002712396862,18.0,0.1649773240325543,6.863445103041697,0.6539125915116253,0.5653911446710302,0.653897171945903,0.7196180038000379,0.8048990208038331,0.5367247934343693,0.6228385254935975,0.6922934846310865,0.7894872441385394,12.457045822916076,5.5085882182,10.6604774469,26.4613275688,0.0341460949,26.4613275688,9.2231547816,9.7282860224,19293.2347856733,11.422112594,4.1468620932
11,12,2,-4.158412391917029,-3.2176527103587818,-2.392523388035014,-1.4764309389190309,-4.37998868881579,-3.431445775314809,-2.599333181123633,-1.5343692004221805,0.2599316411361718,9375015.01514527,7.632632632632632,9.094094094094094,0.4712446725891136,0.4727142918335864,0.4646046527661944,0.4751755345604962,0.4692310041153555,0.4701178656520944,0.4772047376760622,0.4670428751157041,0.6952566646841118,30.18371561292279,0.4738445855465232,225734312.87064925,2.9155295224299858,76368983.94506097,624718632.0761337,0.7620609612669493,0.4879518072289157,-0.1964401890517793,0.8341122999329573,0.832631843067995,0.9072058893304448,8.0,0.5391420682402827,7.915106416867591,0.9148527672285524,0.521720923669664,0.6293481343389385,0.7244970962701527,0.8301676244185126,0.5062502283017958,0.6118918713317869,0.7055933617584985,0.8265077778457824,4.822636109954422,12.4004949017,0.0739331756,7.7429836529,0.6070377603,12.4004949017,1.0056936077,12.4004949017,12.4004949017,12.4004949017,345015.586535442
12,12,3,-6.708982768673083,-5.829568972252364,-4.824235517848719,-3.2436248441336275,-6.750955903108608,-6.165421788745867,-5.1638518690861686,-3.50024334340809,0.2524508830891712,5391774.640387494,7.812812812812812,9.734734734734737,0.4408906639238756,0.4470274576567717,0.4378318231229782,0.4427938489842301,0.4467179706096775,0.4409658640251954,0.4445987556066124,0.4417018172546846,0.6564001558810713,47.56771075571635,0.359592344974699,639221535.3833534,3.887503226141276,169650806.5952446,1748300596.219214,0.6481036432493956,0.4718875502008032,-0.1738864058993748,0.8501726474403393,0.8377427616259475,0.914494666423366,10.0,0.4523593472882812,15.285530107961836,0.8550247809973613,0.2277587688708243,0.3290426884041958,0.4451953213169034,0.626595153112125,0.2366745542296356,0.3030269358043772,0.4168348499050778,0.603990964068438,6.011724606171615,0.4091390872,1.122758554,6.8502751694,5.8356662167,0.0032335859,0.0031839066,0.0828221831,4.7822537852,0.3050038736,0.0723750228
13,12,4,-5.030687322121636,-4.709893590720663,-4.387920280176832,-3.4165452443890976,-5.170196845506322,-4.842926396259364,-4.5668691275864255,-3.643973231613698,0.2523987451186094,3728821.30718283,7.582582582582582,9.394394394394396,0.4535080225213874,0.4577866458286953,0.4458121589280744,0.4440673338027051,0.4582857374301829,0.4579704680761552,0.4462352900724972,0.443014975288832,0.6853436487339346,61.68138532500422,0.2414274825408782,287089712.5363967,6.191332820648502,46842102.86517839,816130807.923389,0.4492379700702409,0.4939759036144578,-0.1794845293027386,0.8477522501816834,0.8417885869544927,0.9259685717930264,10.0,0.3311662647315857,8.18938796959466,0.7230900168873847,0.4213821881168026,0.4582542420823915,0.4956144042362835,0.606876596718451,0.4153999290790003,0.4526534960233911,0.485401368543163,0.587692905329201,6.681468319476961,0.2519513621,0.5776370917,0.0235432326,8.2701161055,0.0943462421,8.2701161055,2.52056e-05,7.7574664521,2.1893828709,8.2701161055
14,12,5,-3.6728247292923184,-3.147829513048192,-2.561908773140286,-1.6438035906762378,-4.169409550394379,-3.5544524959126336,-2.871104181508576,-1.7651632489916644,0.2560219234782575,4916903.577628021,7.172172172172171,9.204204204204204,0.4522924445675452,0.4608303745160517,0.4519767519740767,0.4566408567645991,0.4573350932131189,0.4515606258821263,0.4529361273386696,0.4549137576748104,0.7400748113337556,95.24663355944593,0.1666090461164452,162340353.97083384,9.054431992564735,15570126.676606674,356100223.1110882,0.3816669476903133,0.5080321285140562,-0.1342989247229794,0.8377354323791433,0.8384082983286598,0.9150893343404518,5.0,0.2473393198565262,4.798132031983228,0.7255378168213751,0.5768068138259851,0.6378816155262031,0.70548365307878,0.8108317844030286,0.5287426381741107,0.5986095140266294,0.6754083835701654,0.7998603828918076,8.903796762179908,95.1071643346,13.3671895487,0.0144689729,7.9272713197,1.4133780033,3.745351557,5.8544531665,0.5903931912,0.0876468417,65.1197616948
15,13,1,-3.8560553402989326,-3.58886455635399,-3.140319121456592,-2.117502393413398,-4.123892922558797,-3.6890648872106473,-3.3117715708377524,-2.3188134372353604,0.2550084772278447,50.89870193519685,1.9069069069069071,2.4074074074074074,0.4528367822133955,0.4547228844104655,0.4607661519496735,0.4586027706398856,0.4532058208328859,0.4535211454068695,0.4591904679769079,0.4553209173216274,0.8166026888067517,-0.4318171831876793,0.7616093484927438,127.6308531137165,6.350397979252295,20.11377373382138,1550.7604751909666,0.8661537208152597,0.4919678714859438,-0.3094022031772928,0.8383797683284733,0.8386851467864528,0.9202477753737024,2.0,0.903432945709654,8.058782754597026,0.9933838464450628,0.5564287448677699,0.5868005865868148,0.6389828609266763,0.7562033169648326,0.5335351172419074,0.5825059762791098,0.6246015778177294,0.7381692123125503,0.3493582019745419,0.0033051727,0.0217810792,0.0097563365,0.0084819482,75.0189289103,0.0060127881,0.0127375152,0.0014085367,0.0113559192,0.0009062616
16,13,2,-3.9941412933129024,-3.20563654667804,-2.3525245959532888,-1.5009751517488157,-4.208578571677423,-3.384498715501712,-2.642154947042745,-1.6543697730511902,0.2572737487445097,48.605642321421385,1.886886886886887,2.3673673673673674,0.4386091661036336,0.4420411383645053,0.437847439318232,0.4454154836862889,0.4389346133785366,0.4396403253661646,0.4481851630241762,0.4397019702247908,0.8144028185707667,-0.1007915745854342,0.7292806433639827,114.14696367942676,2.835186464798936,39.862799378241576,1670.429563815957,0.9108697555867196,0.4919678714859438,-0.3202371828211358,0.8419595280363485,0.8356943538142474,0.9145388407671304,1.0,0.8853881165520106,6.133945939781238,0.9957859034616046,0.5403589500824229,0.6313313345640579,0.7289963211687555,0.8273111486550585,0.5236843107425817,0.6161357587816273,0.7003831335436375,0.8124729747861239,-0.1276433707106912,0.0002605971,0.0005842206,0.0051357209,4.72955e-05,0.0024169449,0.0037901104,161.2362635567,0.0016642722,0.0002895567,3.50441e-05
17,13,3,-3.960871003438758,-3.456253294451916,-3.1236359230532,-2.560009948834103,-4.106937826249919,-3.7323619230193392,-3.444990900190189,-2.940338850560837,0.2544725561112843,61.20498372476703,1.9869869869869872,2.4274274274274275,0.4876057550643335,0.4903609079620576,0.4606157018735263,0.4587581625138482,0.4828716835102757,0.4879941449730725,0.4551379638738674,0.4582636076087145,0.8107339073112019,-1.157066917561011,0.9725696255339826,202.20772836592096,16.245303437018244,12.38843448802394,1869.2537713643028,0.981564326516242,0.4748995983935743,-0.2414359325436718,0.8403509559588043,0.8344204394575279,0.8989070136086105,2.0,0.9867440564272744,2.6736536822572488,0.9988320968406548,0.5438016257717707,0.60218840798274,0.6406039291669035,0.7053630956252785,0.5351009664626283,0.5763768024721869,0.6116083535066495,0.6668840812560685,0.0760290952959752,1.2276070157,125.7476996208,0.0001574588,0.0001771586,24.694205841,1.8692510646,0.0002329049,0.0063697537,12.998066871,0.0017146253
18,13,4,-6.204776156773141,-5.227239644474361,-4.256586010978591,-2.4003447014621657,-6.6976833006366405,-5.751014024256639,-4.768285739425711,-2.667232601923072,0.2533002838418521,50.89870193519685,1.9069069069069071,2.4074074074074074,0.4611632850280487,0.4630158209178953,0.4777534669261293,0.4627351677536858,0.4663339405787267,0.4662486794720901,0.4742143898594959,0.4704050133041309,0.8155397263233435,-0.362241713873543,0.645525517475666,102.32382233043752,7.04182797156264,14.519480921874074,2279.0277340455627,0.8359399282131336,0.4979919678714859,-0.325401974623139,0.8394116840674528,0.8399052095590812,0.9169033620752896,1.0,0.7868599182784031,4.321012074176982,0.9872872474955564,0.2852117173461193,0.398121583303008,0.5094940712161897,0.7236793910694556,0.2403978829180418,0.3489758814320681,0.459635641892845,0.6973908308340568,0.2373092703302938,0.0025297363,0.0033776208,0.1088034947,0.0035354748,0.0335989607,0.0029474694,0.0223121299,0.2277829066,0.1414973579,0.0373720204
19,13,5,-4.824155435139662,-3.8708920148425623,-3.304951302074834,-2.1935589227273216,-5.1343342614430965,-4.211277325716763,-3.5939199341576327,-2.4110497275528795,0.2525565304303148,45.37033712426592,1.866866866866867,2.3873873873873874,0.4668476090228357,0.4706696642488711,0.4630968106897428,0.4666464741684586,0.4679634591077815,0.4738152927579384,0.4648230652515436,0.4684398387662598,0.8205804589873278,-0.1352979520500195,0.2792788456317158,58.755626839747634,3.6843379391392617,16.21585559047486,1361.7300776048482,0.7093762676854354,0.5020080321285141,-0.3653669122394788,0.8442797668597095,0.8436435467644257,0.929732913909897,1.0,0.6719399679790815,4.224806593439736,0.981722953884993,0.4450658492489431,0.5547117409000326,0.6193963834454786,0.747566531909589,0.4195294227678379,0.5240206617800915,0.5937955479216062,0.726307436182162,0.1688625558453239,0.0036902533,0.0896101099,0.0648870501,0.0451247524,0.0071358381,0.0013676975,0.005404455,0.0707739085,0.0124926907,0.0009430588
20,14,1,-3.807858863944588,-3.0765349277817275,-2.8417081277758998,-2.102623810374129,-4.035428776988761,-3.3387501962361683,-3.0631603687891324,-2.3540247799774496,0.2551491260044272,3.8965277472926023,1.1161161161161155,2.2072072072072078,0.4509287385504787,0.448811010011109,0.6414572599976709,0.6598996060222577,0.4534291101734748,0.4513420691127805,0.65201131123905,0.6360535186401917,0.7165406230856092,7.6631328028512415,0.6897491640068824,42.81867022338312,2.139551331220153,19.967990579642017,112.0044665144236,0.9192842977648492,0.4899598393574297,-0.2199888048224385,0.8386689859043195,0.8343738175962471,0.9013455589757264,10.0,0.7346515970261428,8.278652108391563,0.9772394245124364,0.562405926475488,0.6462709349314375,0.6733085867690163,0.7585119830823239,0.5429882051634287,0.6223773133995858,0.6523031202689611,0.7339348505677138,2.4039496589196307,2.447e-07,8.8e-09,1.98e-08,3.36e-08,2.358e-07,3.8e-09,7.19e-07,1.5478e-06,1.9591e-06,3.1017e-06
21,14,2,-4.144872438793394,-3.766673128336417,-3.3913131552001707,-3.043071657997048,-4.341551426222461,-3.959785033745951,-3.639651834476748,-3.274611902515684,0.258202245415415,2.0197857568198785,1.0060060060060056,2.247247247247248,0.4769762526880005,0.4722996741244246,0.5602029097383162,0.595118295538837,0.4768964846538808,0.4796766117245865,0.5905968436392275,0.5739995923840894,0.6997568425580359,2.302244044959839,0.6987199710149907,45.38584775034289,50.0992111977925,0.9161264767378464,22.005960799920125,0.9279697609229322,0.4929718875502008,-0.1726376206428784,0.8380469456599158,0.8331692023090982,0.9107541442048536,14.0,0.7896219770429356,29.0596018103086,0.9935040163593424,0.5226446353976478,0.5673082650346295,0.6095490996710671,0.649631213002092,0.51033622645418,0.5538682325433695,0.5880373284458027,0.6300584815533832,1.6726567634202945,2.67e-08,1.94e-06,5.2983e-06,3.5669e-06,3.332e-07,1.3062e-06,1.4633846937,8.1e-09,9.494e-07,0.7827236744
22,14,3,-4.339739728930912,-3.60010266346997,-3.293217861774373,-2.466684072114147,-4.715271028768566,-3.9885878446273457,-3.561671285536185,-2.756981632273854,0.2553795944175485,2.1150728248687947,0.7257257257257255,1.846846846846847,0.606440749593269,0.5612476376964745,0.5418957872571448,0.5281927949730594,0.5619656577762826,0.5634130383111975,0.5347682257285942,0.538658875702885,0.7536797800025961,10.84889386597384,0.4254359327370002,16.319889235799216,65.31280256920184,0.2594994696268666,133.04621105587708,0.6289393194282569,0.5070281124497992,-0.2619779452854909,0.8442729497486534,0.8418571119950498,0.9293352704566602,7.0,0.6485632689493317,23.24806634428178,0.9817038789339554,0.5006770251500543,0.5854385001123352,0.6212729233945693,0.7161811790397367,0.4671500120130711,0.5492131870163393,0.596587443885447,0.6886693782169888,2.9792498283377515,1.2259e-06,7.54e-08,3.706e-06,3.68e-08,1.25e-08,1.049e-07,3.3e-09,1.416e-07,1.17432e-05,1.0083e-06
23,14,4,-4.205308788363543,-3.261712404333818,-2.305948906180985,-1.4272418285721424,-4.392063788650868,-3.5000291177935416,-2.6284164855323318,-1.5836037066359632,0.2549444519300882,2.4287643824604506,0.7257257257257255,1.736736736736737,0.6224825942530672,0.6248934727020793,0.5,0.5049194265466184,0.6257670124608324,0.6301101996296646,0.5010071557724045,0.5032679332849379,0.7856270951789356,17.26375864412507,0.0429583085478793,3.879086322574781,22.11190355260726,0.1697529969370987,87.29896876526101,0.5310337727427711,0.5060240963855421,-0.292722387832762,0.8427292232650274,0.84042293531243,0.9218349566217654,4.0,0.3098986002624163,4.383445104958087,0.90129959936249,0.5157239483343912,0.6247184481555983,0.7345564315190005,0.8356909369409373,0.5026474031771827,0.6031852489325797,0.7027492609381791,0.8207348122702712,3.4364796826900577,1.699e-07,2.081e-07,1.99127e-05,3.9661e-06,4e-09,6.82e-08,2.7929e-06,5.96671e-05,3.5665e-06,2.8063e-06
24,14,5,-3.929275152899748,-3.035964041211276,-2.2836790463864998,-1.293773612034515,-4.141326124347541,-3.324652967095833,-2.595985287458378,-1.5628078587273193,0.2552551024685369,3.677609101601031,0.8858858858858856,1.9469469469469471,0.5802443774668395,0.5824284910961668,0.5921364239144533,0.5771901665640691,0.5876512108473755,0.5870770718712393,0.5759885613388718,0.5922464817326176,0.7801560297490344,18.156983539863106,0.4129946900697832,20.105955442133943,4.291123018962428,4.829268307835404,26.721186484983527,0.7535302149964825,0.5,-0.2461848310559514,0.8405086155603099,0.8397337774888007,0.9220731531804384,5.0,0.5096738057286078,5.2787516225844335,0.9382187504717158,0.5477184115369815,0.6501400168100406,0.7370990661399437,0.8511582429742656,0.5305381650138801,0.6234995526951024,0.7060466119692096,0.8231301582246755,3.6563836181663705,1.1102e-06,3.0093889341,1.64e-07,6.6685e-06,3.47706e-05,8.713e-07,4.7504e-06,4.1471406658,6.1171e-06,7.4621e-06
25,15,1,-4.840230371501244,-5.06710564253541,-4.745062561414208,-2.8795280999240065,-5.218003938188141,-5.609969113093824,-5.17511353181946,-3.2229308708663678,0.256829825556967,30.653952950565294,1.786786786786787,2.987987987987988,0.4928652375942098,0.4969511331742052,0.4700378285576249,0.4712187468296072,0.5017974830422562,0.4981829954008104,0.468910280072117,0.4616760732349361,0.769346285060314,9.913462699541263,0.5348616786372178,245.48527392184985,11.42668881370157,21.810241495692296,1916.984108307164,0.6953001965834988,0.4989959839357429,-0.240863749115053,0.8332561094169526,0.8359195026998341,0.9176774810514796,6.0,0.6686778106467832,5.346198935678952,0.9515088548371144,0.4427366803875896,0.4164060335324787,0.4540904777801274,0.6682352548238903,0.4085358321782016,0.3654098603348013,0.4142097140225822,0.6350680965560772,2.703357115159553,22.0508342943,8.7311256299,14.9297517786,0.9949681465,11.939917794,4.7577886153,5.96996095,10.2840150475,2.2549374476,7.4695499071
26,15,2,-5.143061659276569,-4.855181717241127,-4.537849260321545,-3.5965043760843725,-5.292629218228526,-5.004941478692839,-4.711473724532723,-3.793457296461594,0.2594704853053533,17.629753752872038,1.4864864864864868,2.247247247247248,0.4957105473633174,0.4943514029432212,0.4371726440107438,0.4390374954548224,0.4927067153752347,0.4921542463268331,0.4376693905961086,0.4382859611248044,0.8086706940256171,0.2876578069047004,0.7353540791137527,36.917986227115065,3.4090800473524494,10.670806078319885,481.5103353723795,0.8747860019599734,0.5311244979919678,-0.2345434328836252,0.8309759116786779,0.8371932053291657,0.926586930586584,5.0,0.8681878416478758,2.2987397546519746,0.9818986548576976,0.4079646599421674,0.4412710067758546,0.4777987952658266,0.5854785831927098,0.402113137265074,0.4337547034591327,0.4674345344885203,0.5710802675268386,0.8960160064013121,2.3872673778,6.4198416926,2.0014936891,6.0631261463,15.2209304471,6.4820660058,6.9647083618,3.3151532934,6.424340958,3.0341188775
27,15,3,-5.681454307888336,-5.044567070276102,-4.387450861233241,-3.205614949528663,-5.874862692483571,-5.287342149994174,-4.664187726310962,-3.4532828512201035,0.2555317147385828,16.835508029612008,1.4664664664664668,2.2272272272272278,0.4621727070481545,0.46555051276616,0.4406528025842694,0.4372721937502778,0.4644912331685377,0.4714707390222201,0.4299332635946935,0.4410138797232481,0.8165948774656269,2.6408634909218938,0.581880409498871,32.10702316963756,4.433156070715149,7.387060327386502,301.62357693023057,0.696696617567014,0.5321285140562249,-0.2810430958959442,0.8409279461681969,0.8399658912612357,0.9306700031247196,3.0,0.7953664986940989,2.0571177299507517,0.961187200112411,0.3468115362309722,0.4204189524883087,0.4950781769067711,0.6313165392839772,0.3370570902052331,0.4024691532158976,0.4727053214100145,0.6085209571216477,1.227585651243848,2.9848772907,7.3783585406,12.9567212374,3.5803176199,2.0860765579,8.6990459234,2.8419877972,10.2294388292,14.9308148225,13.9224128008
28,15,4,-5.066796399038504,-4.764720263473711,-4.445472219567423,-3.58859248921178,-5.269229957396775,-4.939039862121671,-4.608275859285367,-3.751624374592442,0.258942860595737,17.629753752872038,1.566566566566567,2.727727727727728,0.4903313307310075,0.4954714539561422,0.4632269391723673,0.4586581620459051,0.4962502505755854,0.4874751354891595,0.4602636470230226,0.4594788143443887,0.7881859761601783,19.694064367624,0.457700358487942,71.89603954932497,12.878828881553147,5.487514546676923,489.608775452081,0.6611319518364625,0.5301204819277109,-0.2377265917772413,0.8306983072174972,0.8387692061428916,0.9322965950419124,6.0,0.6111205170388482,8.908820474707461,0.896377554187404,0.4172402225005722,0.4516781320817489,0.4887116623012526,0.5869482756541152,0.4037367014265977,0.4418714934637522,0.4793200023239081,0.575247959549998,3.508310560196078,5.4603675563,8.3382650036,3.9798362327,5.4933103251,5.4446576254,7.6617277465,3.4873954595,2.9849561868,2.3265506555,1.1076073857
29,15,5,-4.561930725984858,-3.9596364574087297,-3.4449180536233723,-2.6477569540197976,-4.807224819873765,-4.268623183184186,-3.766856501709296,-2.911842274273382,0.2599806322947993,17.629753752872038,1.5065065065065069,2.287287287287288,0.4534236695742608,0.4527604643500377,0.4418056892032674,0.4398041696991157,0.4584467281414375,0.4555831639071585,0.4390340710957607,0.4434384228184582,0.8121082709696097,2.7508184597781864,0.4538543949672244,29.210625643166598,12.46482165086276,2.2814700849224785,234.21909447007712,0.5924189879503575,0.5341365461847389,-0.308695215641441,0.8317351818798695,0.8364786189944642,0.9253131429680752,4.0,0.7883608873487533,4.319608578042626,0.9496920307593332,0.4750591253471222,0.5443906385167787,0.6036644442724715,0.6950062452394884,0.4565476403488506,0.5170746574550458,0.5749141628521812,0.6699222403922374,1.4673169157573216,10.7191309641,3.0195345681,4.2884800935,6.2622707349,3.2367758859,4.1432347146,9.8362495282,2.752267719,6.0396376063,6.8684032012
30,16,1,0.069498017873423,0.0774269483001823,0.085347297155903,0.0813747574675032,0.0499258368275326,0.0605675103133975,0.0798497152148636,0.0753675946630672,0.3020801826919768,11.118496048192698,1.326326326326326,2.2572572572572573,0.4684391488646425,0.4675277921438193,0.5,0.5,0.4666218554639318,0.4658959688023609,0.5,0.5,0.8458039822338306,1.100288619617667,-0.0045799770607184,1.0717283594420086,6.469569964360725,0.1574541696843867,158.4780587627812,0.0032738787559976,0.6485943775100401,-0.5437275755341465,0.6470117953784653,0.7571112021224446,0.6706408049664361,1.0,0.0051935354626683,9.241520378913386,-0.0024752727389193,1.007994130361093,1.0089084082252338,1.009818292380432,1.0093739641554398,1.005644285187304,1.0068389408098808,1.0090203998478424,1.008530337743644,0.9563895017712292,1.2258366648,1.2528234712,1.5950181845,4.0191762425,0.6772012037,2.7912336024,3.2784530024,0.006620777,2.6195475753,0.0002716507
31,16,2,0.1139362208996432,0.0169909749443339,0.0036412616123309,-0.032505963374585,0.2901329946672311,0.09166760129159,0.0815744925403665,-0.0133640594755828,0.3006436157076007,11.118496048192698,1.3063063063063058,2.1971971971971973,0.4687793495273062,0.4752568873084084,0.5,0.5167128107492731,0.4703839560634848,0.4616719413337722,0.5,0.5,0.8493123945506804,1.075254407711411,-0.0051298347172289,1.1753387442778775,8.29034619944849,0.1285351920264817,-268.58158556682247,-0.0070401175432103,0.6506024096385542,-0.5441721376538129,0.6592634578145282,0.7601153138567944,0.676264211478557,1.0,-0.007073735024601,9.65773290780845,-0.0201841358101318,1.013124923568276,1.0019560108930423,1.0004184684844004,0.9962557722470464,1.0329055394545803,1.0103893175469978,1.0091917126493168,0.9984820643731712,0.9263274538885604,1.5629521912,1.5460686449,4.440769298,1.9987958622,3.7379833078,0.0356700489,1.1675947011,0.6342378119,2.836061302,1.5962360386
32,16,3,0.1161094486733445,0.1165470083987889,0.1224169392977234,0.0617334056602105,0.1473700513487461,0.2154184475326097,0.1502471893669925,0.0556950962205649,0.3029350647555661,10.868043941511344,1.326326326326326,2.247247247247248,0.463760822927627,0.4659630747961102,0.5025806913227795,0.5,0.4654177980518446,0.4672215036739254,0.5,0.5,0.8505920081366378,1.3214424636638302,0.0017582886389017,1.5923431631512093,10.910021410027287,0.147654734283278,185.59498385639932,0.003395651784779,0.6526104417670683,-0.5467738971458406,0.6571718064609786,0.7584234569772279,0.6725820583870334,1.0,0.0030005058533901,7.621288234372831,0.0043467854650445,1.0133497075643096,1.0134063297848055,1.014091118071112,1.007115232742463,1.0166443014804285,1.0243716487407286,1.0170453402478818,1.0062898075367452,1.050403750125642,4.4602848724,0.4570018112,0.086446774,1.7842152942,2.4445431635,0.0066252519,0.9733304569,0.5235992828,0.0337428007,3.1499975439
33,16,4,0.1862723743091017,0.0915098152534357,0.0333029230774517,0.0135638616669142,0.1448150464576807,0.0558034447621151,0.0235497828187352,-0.0265807621426228,0.3021678941816886,11.249629868446714,1.326326326326326,2.247247247247248,0.4546436032189171,0.4594132634804685,0.5,0.5,0.4580155141291622,0.4572678786603433,0.5,0.5,0.8461727506306083,1.060142040137798,-0.0029232862636521,1.2459626977639509,7.589010514872819,0.1589027403460957,-427.5419074011489,-0.0050531249307304,0.6465863453815262,-0.5468809866120417,0.6667702696731443,0.7566845208230346,0.6772990615902159,1.0,-0.0013842206539985,9.456390395448985,-0.0061939351301776,1.0214499521144838,1.010539826283032,1.0038307524912828,1.00156237555718,1.0163889321009631,1.0063203892745185,1.0026643848061068,0.9969986350609752,0.9176419814338832,1.2561030663,1.7498377351,2.3821875047,1.8932172907,5.0384851522,0.7383109717,1.6615046465,1.994179713,1.6424634479,2.0882089818
34,16,5,-0.0105189789168962,-0.0376691518439411,-0.0036066523568152,-0.0258784111096215,0.1135829246515269,0.0406749996356188,0.0527195215970968,0.0055861939220154,0.3026080623695137,11.118496048192698,1.3063063063063058,2.2072072072072078,0.4740925919259257,0.475163479286249,0.5015500691830918,0.5,0.4715520023068527,0.4879503334487652,0.5073397676854712,0.5,0.8470304491139151,1.2753494091204485,-0.0033924977637598,1.145794798494454,8.880078473481332,0.1194346395956568,27.65150281046621,-0.0017794736419147,0.6506024096385542,-0.5407892191549597,0.6613191964784069,0.7592703236840148,0.6774858514367588,1.0,-0.0024007867462649,9.769735920296124,-0.0082352968077009,0.9987916513791452,0.9956664985394634,0.9995846143242472,0.9970221591407143,1.0128588077605611,1.0045943027684432,1.0059696014993849,1.0006330226163684,1.041760651832798,2.4046962831,2.5437508049,3.4832452901,0.3981797671,0.1019053141,1.758090163,0.7571102079,2.8132731273,0.1704559581,1.0856698133
35,17,1,-3.653737325555919,-2.9155959486969163,-2.389045370979975,-1.4872891874373917,-3.839611543898042,-3.212274201454458,-2.6512995581956478,-1.673051727017405,0.2756378699058995,2.1150728248687947,0.7057057057057055,2.007007007007007,0.4779564310133334,0.483577457048823,0.5,0.5,0.4749978534025921,0.4769285957410945,0.5,0.5,0.7822336743661344,13.01374816796337,0.509483108702856,18.53305246238824,66.7548674757805,0.2693374669631221,34.2506452735751,0.6160146348022275,0.5763052208835341,-0.2283820672381068,0.7793782900684512,0.8120096519933133,0.8525824158259636,8.0,0.6853426645990974,46.16455186890896,0.914652311656498,0.579533323715083,0.6642248235326136,0.7251605859696915,0.828944256774529,0.5655128390886672,0.6363823609257218,0.6996856158677927,0.8112302829049268,3.240828402312048,0.4996102104,0.0488241455,0.0078219343,0.007548465,0.0007990006,0.0037003278,0.0007143126,0.0031731697,0.0154369287,0.0411316022
36,17,2,-4.052988876464976,-3.468354579862999,-3.009656465572134,-2.394945909815441,-4.211136563869115,-3.6706689561880106,-3.26423982154625,-2.6519912418663187,0.2786730254545173,1.679674872092653,0.5455455455455454,1.726726726726727,0.4513426183853334,0.4451210085283593,0.6666666666666666,0.6666666666666666,0.4522174786256934,0.4471465610246529,0.6666666666666666,0.6666666666666666,0.8182620546359766,9.947682998409404,0.4174582122769091,4.019552396442754,14.893861784816082,0.2931784904375341,48.761515040332014,0.5867290712314022,0.6024096385542169,-0.2880093309350907,0.7750284925846034,0.8091779097818315,0.8560548222261051,5.0,0.5642734533237086,2.329634160539963,0.7876229923921443,0.53351729555468,0.6004941193252727,0.6538761986841544,0.7246157863225264,0.5229656262145628,0.5856630236305023,0.6313815557428297,0.699878042767606,2.5861954162994087,0.0038237789,0.0002965853,0.015010581,0.0029988611,0.000555837,0.0043534297,0.0050964893,0.0002798351,0.0002854026,0.0003885845
37,17,3,-4.801619601885117,-4.512900214602757,-3.9310259241185386,-2.686827084217675,-5.111833463339304,-5.025463609858507,-4.325753043419265,-3.026563131099551,0.279461260664217,1.7589165903277326,0.5455455455455454,1.806806806806807,0.5058292326023648,0.4969975516405574,0.6666666666666666,0.6666666666666666,0.4961527298386547,0.4879327121685307,0.6666666666666666,0.6666666666666666,0.8267994225298154,44.3922966879823,0.2983874112899786,4.630536819428196,5.64231383170597,0.7943842590797651,304.5658984216901,0.5697864865919701,0.608433734939759,-0.2107655056483623,0.7638557305796618,0.8050683913032853,0.8413673853039676,3.0,0.3839131053842717,7.295985374903306,0.7385370780524673,0.4475655313538154,0.4809528626212429,0.5478875351103418,0.6907298881805979,0.4218412129767779,0.4319056284404673,0.5102335249040747,0.6576257623496606,5.680534011691012,6.3983e-05,0.0005558516,7.9e-08,0.0002574794,1.07596e-05,2.9773e-06,0.0020458727,0.0001111986,8.2998e-06,5.7e-07
38,17,4,-3.2321055845810736,-2.57979143245006,-1.8998377510952569,-1.2023755200021309,-3.472179426624068,-2.8436007272174866,-2.1607786179725164,-1.384242755687357,0.2753315001185979,4.223044187206672,0.9659659659659656,2.1271271271271277,0.5,0.5,0.5473536500300233,0.5505785674409611,0.5,0.5,0.5669222807866601,0.5280393513161665,0.8001197451197521,12.891235533999096,0.4899873402230609,12.86627210204771,10.12086098208582,1.3585544290493026,108.56464689027246,0.6838422279913231,0.5803212851405622,-0.271387733582987,0.7835133028050615,0.8099271955570848,0.8578588128836421,6.0,0.6238454854249389,17.042296457607186,0.8604186540071168,0.6274921986559805,0.703382349007363,0.781277621473282,0.8616766761939192,0.607200464393447,0.6788262761102577,0.7560830624419816,0.8436847413793053,2.8565777135252075,0.0006041169,0.0141839647,0.0012648626,1.061404687,0.0018179346,0.0311642622,0.262852193,1.0633692882,0.0007158153,0.0018828538
39,17,5,-3.9492272408308873,-3.139823776957089,-2.5678801623681577,-1.783253995688876,-4.184104945293619,-3.375704710402257,-2.842980828222146,-1.9369109341113997,0.283512119550482,1.6418389895747365,0.4854854854854853,1.386386386386386,0.4589651082926538,0.4598605485391428,0.505608080442989,0.5,0.459880806370568,0.4611018306454263,0.5058302534415373,0.5,0.8472039009453276,6.863923436256422,0.2735840986424556,1.4951288888561156,16.06918226060982,0.0977910870413533,-125.9214108652552,0.3498317085542556,0.6184738955823293,-0.41297001754516,0.7628980172402442,0.8011371364481674,0.8411119867622613,2.0,0.4713747969045564,2.292834742122116,0.668031583548027,0.5457351410528397,0.6390115226571664,0.7043383046913108,0.7948393691910873,0.528220059121532,0.6190578495194763,0.6786336716986703,0.7810945458225629,1.954116277321875,0.006377907,0.0048175763,0.0122542889,0.0280641837,0.0109763355,0.5981509982,0.0137408398,0.0221727668,0.2023581259,0.0077486568
40,18,1,-3.6753622842770426,-2.941981545083124,-2.308527651308266,-1.4598623022459072,-3.9340274455079536,-3.204387516954179,-2.589734142480232,-1.6048505673500593,0.2783395148041816,10.139254075588145,1.346346346346346,2.587587587587588,0.4751631067134562,0.4702102513232052,0.4766956140943443,0.4692870890365668,0.4708566294720425,0.4758840114016434,0.4690742534886988,0.4734504343259075,0.805962263284953,15.76133725758919,0.4780197782253464,61.67234926097389,52.72325440570022,1.172712511052295,175.31875310644926,0.5884971493355309,0.5943775100401606,-0.2408448620534746,0.7724099145688705,0.807209754004776,0.8448072841486042,6.0,0.639876042338519,43.74364360562007,0.8850396832218238,0.5768350245593554,0.6616983891952816,0.7344655889992961,0.8319791546815647,0.5546291241905922,0.6362806584822079,0.707113935211549,0.8180972740694639,3.4640673467998155,0.0078515184,0.0138577754,0.4260035546,0.0215856385,0.1143929092,0.1864125926,0.1329078959,0.011741927,0.0048347364,0.0922156136
41,18,2,-3.3763036992570523,-2.73365958147142,-2.4124512903862043,-1.7924682069256537,-3.715698893841788,-3.0533964324767804,-2.7118988742925225,-2.048663169315616,0.2817622050913468,8.829699955494084,1.2662662662662658,2.4274274274274275,0.445174122237402,0.4517486402912976,0.5,0.5,0.4454281991210619,0.4420411383645053,0.5,0.5,0.8177826285187786,8.676619713819033,0.3688733110021146,18.21352459702528,14.51989273398804,1.3570678731973331,152.8040464673196,0.5646270279497018,0.6124497991967871,-0.2973380632961912,0.7667929835410989,0.8044660315418692,0.8448618470088753,5.0,0.5311435624461892,2.8491512391735085,0.7792811296963382,0.6119861411674936,0.6853799368566944,0.7222323243038784,0.7939568926324565,0.5807750823099364,0.6553489632620342,0.6937949675943476,0.7687566282436213,2.488478894328921,0.7618691321,0.7436029078,0.0741225624,0.004834625,1.5568484679,0.8079666104,0.0283309848,0.8673906107,0.4989402776,0.0746051672
42,18,3,-5.021603224918286,-4.78997979389204,-4.220045385359311,-2.777251318579776,-5.45208179474796,-5.175544425100819,-4.581993413290496,-3.167279578426617,0.2774936464869362,7.689283720758305,1.2262262262262258,2.5675675675675675,0.4522221972201946,0.4571785313283377,0.446092450330809,0.4510448573344175,0.4523446568707874,0.4580215794657583,0.4480521211914474,0.4404200592827783,0.8084209723277145,35.33139481671361,0.351646630745342,23.69427437550386,7.321323267290272,3.152353519303839,423.36145810232887,0.6017729103440963,0.6024096385542169,-0.2205729307507241,0.7796476091871031,0.8089367875244924,0.849601677815764,5.0,0.4313614064223933,10.134817620621329,0.757895354491456,0.4219502702531932,0.4491585710044524,0.5140178702941316,0.6804720947156592,0.3821751311896625,0.4123159380771112,0.4813504371119723,0.6413922628574126,4.915748962561283,0.3339307665,0.0096500637,1.5527514438,1.5428423252,0.106450706,0.000529726,0.0583625219,0.0617531045,0.0019608327,0.0238531248
43,18,4,-3.196135393147999,-2.489192289485188,-1.7975185443214126,-1.082185428491508,-3.567896381127851,-2.7590615809043,-2.067506854272392,-1.2725976130671013,0.2784419461443145,20.244465099768014,1.646646646646647,2.987987987987988,0.4981732907128252,0.4933187646940327,0.4886861726163474,0.4874414755464488,0.5004113301976922,0.4942542698106201,0.488487597622967,0.4850298827810937,0.791414027102679,15.268914778744945,0.4306701708427702,64.45460748014955,6.274321548633751,10.399657775904078,373.5679408435431,0.659846627757428,0.5903614457831325,-0.2577751404998752,0.7781690488407484,0.8082300688771122,0.8518092981691519,6.0,0.5786659292892717,29.621533489011416,0.8402439745455816,0.6317078242429172,0.7140099195486553,0.7932140543249728,0.8755932491008505,0.5981716049266033,0.6886746145700153,0.7666424007380301,0.856246155287919,3.273612309916617,0.0406692922,0.0182942849,0.1460203941,6.0169159123,0.2023534874,2.6731926615,0.0424834714,0.0732595419,0.0138158008,0.0639347731
44,18,5,-3.749403318045351,-2.982050846757631,-2.5266745519365794,-1.5893119465794112,-3.931029858314941,-3.2576252168771638,-2.73549260436085,-1.7672799554560945,0.2868056118146516,7.689283720758305,1.1561561561561555,2.1671671671671677,0.452198536505361,0.4506106767619852,0.5,0.5,0.4519299045251077,0.4463683722861735,0.5,0.5,0.8522593250552359,3.2268326782487207,0.2544962453769945,5.712351088998171,7.289242126351243,0.8281779267866793,-53.856769891660605,0.3210329350469745,0.6315261044176707,-0.4477661157228612,0.7506772647878288,0.7975940692351066,0.8297337640097199,2.0,0.4555632368171792,3.016954272678825,0.6051379103604396,0.5686273269993545,0.6569305429594678,0.7091349612730495,0.8171980282557123,0.5548362380888261,0.631595032378105,0.690597579862944,0.7995244325931868,1.3754479889746638,0.2405000993,0.0893210967,0.10869363,0.1103258215,0.0156329137,0.1369143693,0.0190046342,0.080051708,0.0090645435,0.9723821017
45,19,1,-3.0331742154996197,-2.7810895919897423,-2.4491431255361897,-1.6563396479878794,-3.514826572990326,-3.1505209733133706,-2.7610734845365976,-1.8661219048733864,0.2641642276377254,4.223044187206672,0.9059059059059056,1.746746746746747,0.5,0.5,0.5614388028669131,0.5378815372151365,0.5,0.5,0.5531114312775957,0.5622609711688472,0.7983228675850971,10.03807173550554,0.0626418116550582,2.649787627980669,6.210455307721325,0.4529451846120715,-42.514348421805806,0.334789159979949,0.5441767068273092,-0.3396145228802083,0.8071685961192612,0.8292058470888637,0.8939074076014879,4.0,0.568112782348207,1.74712905876855,0.8708154522720487,0.6514928111639076,0.6802967002096639,0.7180700291939021,0.8092808110332357,0.6026069389895966,0.6433479974369312,0.6882177216996346,0.7892993007111777,2.551059495646369,0.775934486,1.5607679747,0.9564941619,1.8216467658,1.1972990198,1.4692455229,1.4432331057,1.1130580239,0.71884638,0.5792916038
46,19,2,-3.1895520890660083,-2.8033281095429348,-2.4833715464899044,-1.779679144867495,-3.506161659863095,-3.1796448145748983,-2.7767108902148623,-1.9267267701579227,0.2634554306718411,4.422273980505897,0.9259259259259256,1.706706706706707,0.5,0.5,0.5690935762568378,0.571903729964415,0.5,0.5,0.5702716457567896,0.5831903418771285,0.8052727563341382,5.799594464215788,0.0515377653853107,3.3652277277955447,16.738380957845834,0.1833198889867343,130.65747109162822,0.3053923316884812,0.5431726907630522,-0.3656834290515005,0.8149454606744688,0.829552242390736,0.8921561794547679,4.0,0.6283400653979361,2.1248545169440227,0.8866646861177885,0.6333849367455153,0.6774607309579441,0.7144901799111765,0.7954515843106966,0.6035497446348757,0.6399964588072227,0.6857226162345691,0.7820649680191557,2.068256049862612,1.1406345979,1.4620051579,1.0723215614,0.5458240949,1.043370607,0.8398758934,1.1827492255,0.7132634589,1.1078183293,1.2804375588
47,19,3,-3.2140164254244774,-2.811005919321808,-2.5576127189651348,-1.8406912333723076,-3.455371628653957,-3.2055551710180032,-2.873939102560032,-2.058887821791521,0.264011102083984,3.851107002325569,0.8858858858858856,1.686686686686687,0.6666666666666666,0.5833333333333333,0.4954232538066461,0.5236270287481117,0.5833333333333333,0.5,0.5063025883598091,0.4796436695603009,0.8070707748132757,6.671934694037319,0.0807964212581759,2.620067505205565,3.0061026003092333,0.8406286391119916,267.7771712192123,0.2673284142995097,0.5461847389558233,-0.3561167597497119,0.805759892058806,0.8310144642474131,0.8944314910326887,4.0,0.6539326372178457,4.049633975584977,0.8842207617840937,0.6302023722905776,0.6763003284179743,0.7057691483383215,0.7883657169532683,0.6091186257488828,0.6376542514684731,0.6754486428212373,0.7668041542394295,2.208057500620709,0.5341318496,0.9105040919,1.5583276493,1.2263128927,2.2983163715,1.1585927706,0.6718849482,0.7698880121,0.6841907922,0.2607035699
48,19,4,-2.897160100486268,-2.698397373177404,-2.334577911151054,-1.6438211898418618,-3.323647140174056,-3.119318362008737,-2.7115812073804517,-1.8461057724569727,0.2632781858722812,4.223044187206672,0.9659659659659656,1.806806806806807,0.5,0.5,0.5558113740226078,0.576339143498757,0.5,0.5,0.566635992378689,0.5734893072180514,0.788074932710463,3.6765958887758505,0.0815538677914922,3.446702901616468,9.13438865309548,0.3715289441234988,7.22061040766099,0.4426629505104873,0.5321285140562249,-0.3326444396956067,0.8107116207754954,0.828022962681882,0.892216740393478,4.0,0.5961674448394385,1.9533111384810729,0.8979607176248673,0.6665603435337035,0.6891198502884182,0.7310086592728707,0.8111083506332422,0.624218363223858,0.6474050920382769,0.6927334606356075,0.7910841840485534,1.692382609613548,1.0501828557,0.7677706238,0.4608182513,0.7403283958,1.2020763223,0.6105385358,1.2634325637,0.5250333426,0.3918514251,1.405713339
49,19,5,-3.1889334501234208,-2.8071691318248573,-2.5277856123709497,-1.7650308939657746,-3.4540324823954047,-3.1523411602655136,-2.7694258153572378,-1.9257428368653,0.2627998958023462,4.032789982193705,0.9259259259259256,1.726726726726727,0.5,0.5,0.5890308210504047,0.5711285910501231,0.5,0.5,0.5820048849912772,0.5700808288575914,0.7956760491306074,7.971316225550934,0.0518222043745338,3.5983445262289537,15.881051880421246,0.2376465018465355,-553.632241655187,0.2283281917662277,0.536144578313253,-0.3635313557000623,0.8120325223164,0.8311601329820638,0.8950408321915464,4.0,0.6016164714867992,1.9871160286972565,0.818351461348791,0.6327303294408675,0.6772705519096802,0.7089473109886331,0.7967961061662623,0.6099899781786259,0.6432414421209972,0.6866454399304229,0.7822292930061439,2.217890345597495,1.0904967074,0.2340330455,0.856220484,1.4574805578,0.6996079818,0.8735513493,1.2617627484,0.594210639,0.9107169676,0.7548057713
50,1,1,-4.556182718627113,-3.812425872685878,-3.100086360868923,-2.115792316173565,-4.665426624579142,-3.887795321007154,-3.197412945804771,-2.1919594558794597,0.252595515335626,2.543345761304648,0.6656656656656654,1.1661661661661658,0.5,0.5,0.6666666666666666,0.6666666666666666,0.5,0.5,0.6666666666666666,0.6666666666666666,0.8156421339250147,0.173284634217999,0.5903536778938059,5.396844405386901,9.935569587194395,0.5370017641820111,133.9627913802579,0.6400909676852894,0.5060240963855421,-0.3773309957763937,0.8528926874329186,0.8456796818275549,0.943392442741968,1.0,1.0,1.0000000000000022,1.0,0.4750335597031623,0.5616603497483074,0.643014942203016,0.7566987121009221,0.4710586828522619,0.5605129645643814,0.6380968066174911,0.7523505130799206,0.5924430029677683,0.0,0.0,0.0,0.0,0.0,0.0,0.0,0.0,0.0,0.0
51,1,2,-4.127517230292327,-3.4557492976796063,-2.931134122221912,-2.154329261059451,-4.298417752057734,-3.52678090323621,-3.046812381557502,-2.244165506321616,0.2553153885011513,3.851107002325569,0.8058058058058055,1.3063063063063058,0.4522757495483371,0.4521210731777531,0.4599254900966626,0.4580704877421672,0.4531764862816548,0.4525010231879586,0.4624763753667763,0.4594199213505552,0.8104081651086772,-0.225992673010491,0.8726290510122401,7.915784680620812,4.65830942444917,1.6831555946130985,490.1409321802579,0.8847938827070024,0.4879518072289157,-0.3073524470994203,0.8474667794497591,0.8398253347885261,0.9307479305410354,1.0,1.0,1.0000000000000036,1.0,0.5245152057545316,0.6017578616721657,0.6625727936033674,0.7520211770558491,0.5136460721773148,0.5997425132923548,0.6553863946495366,0.7463213482920116,0.4107302156880172,0.0,0.0,1.21352256,0.0,0.0,1.43424576,0.0,0.0,0.0,0.0
52,1,3,-5.31719268493286,-4.85282853878848,-4.489738427511156,-3.5399553401167005,-5.437966264369074,-4.952713975444361,-4.598475930451428,-3.7004972427577223,0.2509481501341324,3.0583380323784315,0.7057057057057055,1.2862862862862858,0.5032239087068007,0.5049071767484576,0.5,0.5,0.5052909775467148,0.5052546709270164,0.5,0.5,0.8130476116454041,-0.896135370680958,0.8979177477344402,7.612270701458202,18.636944283847782,0.4044512599945039,-167.2742959797421,0.9089525800238474,0.4919678714859438,-0.2412240905850382,0.8553318188016554,0.8474342485102354,0.9454201530734768,3.0,1.0,1.0000000000000024,1.0,0.3884092874897936,0.4416660732173542,0.4836476132709846,0.5932870205612868,0.3837623732797712,0.4367878371203734,0.4798288532765198,0.5823094899249763,0.330030156963191,0.0,0.0,1.71295744,0.0,0.0,0.0,1.71295744,0.0,0.0,0.0
53,1,4,-4.126249653450204,-3.4281341913874845,-2.902947959145636,-2.182604884156643,-4.247990244503897,-3.5601092095046845,-3.0294788582673027,-2.2402385089956267,0.2562691813508314,3.20262069365765,0.7257257257257255,1.2462462462462458,0.4606710611137736,0.4601035416052823,0.4928891749310073,0.4712638674673808,0.4630545232867638,0.4690643217517403,0.486092998513594,0.4771648232227052,0.8163489166979855,0.0362084434606497,0.7842293802196922,7.86655771495985,15.910505882100306,0.5029982358179824,-76.15653853974212,0.8091676969397281,0.4979919678714859,-0.3417028126236592,0.8425797344772348,0.8398727199668126,0.9370138124230896,2.0,1.0,1.0000000000000022,1.0,0.5249403696055852,0.6052434519206642,0.6655919860075978,0.7486124168539965,0.5189040212804232,0.5979805221684,0.6575987617352076,0.747179891558526,0.4077207265553318,0.0,1.15605504,0.0,0.0,0.0,0.0,0.0,0.0,1.15605504,0.0
54,1,5,-4.294422208774964,-3.5414494972830663,-2.900795854911397,-2.1073371727013472,-4.431089443911629,-3.630245582881076,-3.0182194539824496,-2.1741990988931392,0.2535134907178689,3.1304793630180408,0.7257257257257255,1.2462462462462458,0.4504466950463269,0.4544468138818916,0.4699219640588257,0.4598346829292769,0.454574310224847,0.4539261676518364,0.4614284958077815,0.4593105357797127,0.8204171071868674,-0.1115702976730756,0.7832164215426947,7.260201764182019,5.668913584404253,1.268451259994506,47.40056674025799,0.8093056310332197,0.5020080321285141,-0.3220407904454043,0.8505727788955659,0.8438359294785656,0.940363412465665,1.0,1.0,1.000000000000002,1.0,0.5058448124144345,0.5927321155877129,0.666587958406698,0.7575474264643358,0.4985973776036545,0.5900713867299952,0.6590513207097196,0.7540475760373395,0.4885266789513537,0.0,0.0,0.0,0.0,0.0,0.0,0.0,0.0,0.0,0.0
55,20,1,-3.866712931848241,-3.211662289855228,-2.7156961384855456,-1.882424785910778,-4.0209546368408215,-3.460319104973987,-2.917244122515074,-2.002865637950144,0.2527983514758892,3224.8424984084454,3.788788788788789,4.54954954954955,0.4933787245063445,0.495107969433718,0.501995789119769,0.5001401894919317,0.5073627514100545,0.5001545567837182,0.5005557329456347,0.504016062039589,0.7745212833070677,2.631688192497472,0.6627776763191712,12279.969599865017,52.99258703822399,233.06720690337937,52769.67276393626,0.7262304415212536,0.4979919678714859,-0.2980752938129579,0.8437159217585952,0.8414203072779542,0.9176568263346508,5.0,0.9135741413991796,28.93845841329029,0.9987284225641604,0.5549200822885967,0.630450357170528,0.6873622664284518,0.7833247106394425,0.5451612070512019,0.6071844218234743,0.6707222124870849,0.7741340578564941,1.5393709331661425,0.0,0.0001364449,2.72765e-05,0.2368766697,0.0,0.2368879401,8.50679e-05,0.0,0.2368766692,0.0134835558
56,20,2,-4.2567615009382935,-3.722131152380375,-3.348452858381157,-2.692209369304294,-4.561129022476241,-4.0862208417472,-3.761474478025169,-3.0089502595398514,0.2554808629758621,2808.331998823176,3.768768768768769,4.60960960960961,0.472769185128816,0.4701394860280783,0.4721074915484063,0.4551406337495635,0.4672686675220153,0.4763678493170079,0.4523520793709509,0.4548167150187268,0.7667664078415399,0.6617832359977538,0.7270970577091844,12317.417827338191,38.819622856829,317.3423326418711,64791.95949421988,0.8244430759570295,0.5060240963855421,-0.2464590557531615,0.8400404542027878,0.8392497009524134,0.9241124751194036,8.0,0.9421267943117972,32.149212437484664,0.9990971541772936,0.5101777862088523,0.5725418320034983,0.6155864276116552,0.6902264109014041,0.4830377461121251,0.5390971636596513,0.5744615423142908,0.6598990440911219,1.1241417480287168,0.2368766692,0.2368766692,0.0,0.0,0.0017320827,0.2368766692,0.2758993156,0.2368766694,0.7106300077,1.56e-07
57,20,3,-4.988379184386883,-4.2165047554613615,-3.8701004092620903,-3.003232948339744,-5.237498419078193,-4.593299114512454,-4.18675730629447,-3.257729166170667,0.2549311380928893,2560.993100258462,3.788788788788789,4.60960960960961,0.4800321584079916,0.4813191471202799,0.439973035381855,0.438238987912607,0.480285427488699,0.4806422103629109,0.4399065238308037,0.4449355772040345,0.7646126348619462,0.6689374416707508,0.7352607841979675,12356.478106236784,30.020492195576125,400.5514453391087,66005.6331417292,0.8378136442823917,0.5040160642570282,-0.2449488536852133,0.8439646963257534,0.839707811624693,0.9246106222873852,8.0,0.944025052780838,40.8359178723975,0.9991280562995092,0.4266563634826386,0.5149100850842645,0.5544226123679281,0.6542788469821434,0.407389266955232,0.4803218372843196,0.5268174051145081,0.6309553081472918,1.117302750076771,0.4737533385,0.2368766692,0.0,0.0,0.2368766692,0.0,8.81972e-05,0.0,0.2368766692,0.0
58,20,4,-4.750438600623412,-4.140483843330285,-3.8732403352505904,-2.99771177838902,-5.009698478793422,-4.4119454764917645,-4.084055767232636,-3.2286438124133583,0.2559737262526876,3079.558712914229,3.788788788788789,4.60960960960961,0.4806846691785146,0.4804363005333578,0.4418056892032674,0.4370834110077229,0.4789975015148469,0.485678949610844,0.436482606408153,0.4353928713058412,0.7715990833502946,0.5167282824702297,0.7375980882297193,12282.784590057508,43.823350803399016,282.4345924247464,66343.89604552698,0.8395569348109486,0.5140562248995983,-0.2425242443573648,0.8450402733545831,0.8396667820131215,0.9264808459593604,8.0,0.9416917314007824,27.098528314789576,0.9991589248077448,0.4526476568887783,0.5232999465853254,0.5545510516702497,0.6550163004415277,0.4337150434515001,0.4996758206019706,0.5380258590360039,0.6345713152395687,1.075611084232333,0.2368766692,0.2368766692,0.0,2.96332e-05,0.0,0.0,0.5922134275,0.2368766692,0.0,0.0
59,20,5,-3.873726251575523,-3.263212347807228,-2.725397889616022,-1.8894461012424812,-4.107345190975356,-3.548340674409573,-2.9567828759386914,-2.0035326443206287,0.2548653551094801,3079.558712914229,3.788788788788789,4.54954954954955,0.489104657513811,0.4977751694258377,0.5019554578903745,0.4949648252095939,0.4890389546086817,0.4899436749049084,0.4933610272515935,0.4909075189749043,0.7821364592403915,2.898792093215488,0.6638868419291466,12356.83452543811,36.12954074693409,343.0453137696138,53298.59246166306,0.7296999720358551,0.4979919678714859,-0.2937891034377151,0.8395506217438853,0.8397917955392322,0.9190602458259512,5.0,0.9137367122394152,31.07057078731598,0.9987634974004926,0.5546250072706416,0.6245138322324326,0.6869863395979426,0.7824082184041175,0.5356809564359175,0.59914751204741,0.6652163388754972,0.7735144105345981,1.5803236606111777,0.2368766694,0.2368766692,0.0,0.0,0.0,6e-09,0.0,0.2770099435,0.2368766692,0.0
60,21,1,-0.3869153949080681,-0.5840083940323915,-0.6598147536935901,-0.6211009058522405,-0.3474492565052571,-0.6276350508498902,-0.7494614563166895,-0.6602157935144328,0.2880501172168178,1.9287915080207776,0.6056056056056054,1.4264264264264268,0.4548939733020988,0.442974999289719,0.5,0.5,0.4503639175350453,0.4520255023388192,0.5,0.5,0.8267844273949541,1.4735038316627622,0.0230963235588019,0.7756109560926815,5.623213020087024,0.1282273198305395,103.10333600759074,0.1149720533952946,0.5863453815261044,-0.5661763703204786,0.7021275620728076,0.7843414837186939,0.7241548041207093,4.0,0.1234819158281171,7.327889717011256,0.2544299787835822,0.9554539682120752,0.9328067085312046,0.924004033025219,0.9285643644121316,0.9606924194310822,0.9288857635244744,0.9152661928966378,0.925359346129406,-1.3600470736359689,3.1698055873,1.2452555353,0.0,0.0,0.0,1.2452555353,1.8030193778,1.8030193778,0.0,2.255873243
61,21,2,-0.7563093580137985,-0.6913686526721703,-0.6904593775192271,-0.5954292946978503,-0.7621943944955056,-0.7467526499055541,-0.7449134831270534,-0.6834086972726237,0.2843222634967037,2.0197857568198785,0.6656656656656654,1.386386386386386,0.4379052476416284,0.4413638442460371,0.5,0.5,0.4391431445910737,0.4406761182315449,0.5,0.5,0.8176434413897873,0.910052082807393,0.0153961576333294,0.7020765073400033,7.341564768586386,0.1041423772535163,59.60397215152716,0.1126173330655126,0.5742971887550201,-0.5596158297174147,0.7232679802487183,0.7861753548341666,0.7316371144396212,4.0,0.1037286138244146,3.053437334878329,0.2773821478646114,0.9131161262537936,0.920611616348789,0.9205304634484324,0.9315356401947918,0.9139080056569416,0.91548606343607,0.915700618331398,0.9227429522572388,-1.2033757460536705,1.7307e-06,0.0,0.0,1.5630098573,1.9377404959,1.4e-09,1.2452555353,2.118634928,1.9377404959,0.0
62,21,3,-1.6055194618923831,-1.628987375565421,-1.23082898104999,-0.4669926335771652,-0.944429017770855,-1.0934390058558687,-0.7678805579391392,-0.2370369646716881,0.286016456496311,2.140018427083186,0.6656656656656654,1.4464464464464468,0.5037946934517862,0.4960858965724106,0.5227623247636736,0.5132683424227775,0.4977189215173713,0.5035456858753764,0.5100364942130081,0.5172591470992668,0.8149838002498699,0.1249938681775517,0.0473270008179254,1.086884070297208,4.931819298306214,0.2235587229316709,-312.3052479414746,0.11481162092447,0.5803212851405622,-0.5450064239941024,0.6988905590181589,0.784055628077077,0.7233099096586955,3.0,0.1276653004400958,13.334067632670424,0.2782171694974257,0.8151996530008755,0.8126916051254371,0.8582928152380946,0.946179741495058,0.8929532494602583,0.8761808693949706,0.9131411587710898,0.9731575734885518,-1.023270565331163,0.0,2.7779884071,0.0,0.0,0.6918569113,1.9993848829,1.2452555353,0.7425654138,1.8030193778,1.5630098573
63,21,4,-0.2557098608877775,-0.3161604743306236,-0.3537274191322836,-0.330372440106542,-0.3188413444763442,-0.1232607271360457,-0.1088992085164441,-0.279864760317821,0.2843557544503008,1.9287915080207776,0.6256256256256254,1.4464464464464468,0.4625011991888632,0.4657472127881474,0.5,0.5,0.4652924539600557,0.4623610232389704,0.5,0.5,0.8131125343190471,0.8682649559533375,0.0328266210218058,0.8204625129713237,9.163358026959568,0.0936418613086283,28.70690272554065,0.0799335494531637,0.5793172690763052,-0.5607060645734814,0.693980121900502,0.7839631137224754,0.7147389156394288,4.0,0.0766418956218516,14.212985204175308,0.25198150059531,0.9705822134729968,0.9636668311901746,0.9593499138010037,0.962027707763929,0.9640029987197276,0.9860613904237268,0.9876441096768752,0.968236608402822,-1.2272884377570916,0.6918569112,0.0,2.2404753708,3.93e-07,2.0209730083,1.5630098573,1.5630098573,0.6918569112,0.0,1.5630098573
64,21,5,-1.1147401643746797,-1.098726717372016,-1.1755731725966925,-0.922249703060829,-1.0474125536984502,-1.1781623644025432,-1.2749591059961944,-1.0764718813071807,0.2838184323628332,2.4287643824604506,0.7057057057057055,1.5465465465465469,0.4423390414573429,0.4412738398282602,0.5,0.4549834996913156,0.4420431668859654,0.4391431445910737,0.4783576831672116,0.5,0.8218506430850737,0.7594260277998051,0.0356820101927122,0.8477842663937503,5.1965251641623045,0.1548491487169355,575.9534245945392,0.0787668767665975,0.5853413654618473,-0.583109533421929,0.7201994252193724,0.7914701173162595,0.7569954543550117,3.0,0.2147704275909337,4.602849452731247,0.2865042715129186,0.8715345811648895,0.873487452241213,0.8645889838744378,0.893759672208262,0.8814926245663921,0.8666235578560633,0.8559952304596978,0.8782915075138947,-1.1817571923269308,0.0,1.5630098581,2.7779884071,0.6918569112,2.0436611087,2.118634928,1.9377404959,0.6918569112,0.0,2.118634928
65,22,1,-0.9216132565542696,-0.7438967132964422,-0.6476756404866526,-0.7151456917231007,-0.7869354314467776,-0.723837682640192,-0.6592375780158521,-0.7125819138654332,0.2786730002928146,1.0115911122238297,0.3353353353353352,1.346346346346346,0.5,0.5,0.5,0.5,0.5,0.5,0.5,0.5,0.7877036175789442,8.818668501847734,0.0583238324408899,0.7768027320344012,7.631455222732985,0.0978683790521332,-924.1457266141614,0.1698062581041628,0.5491967871485943,-0.5316598843862608,0.726711986974971,0.7977347909149297,0.7566821194934067,5.0,0.1427626375816891,13.847644948112965,0.309922009045372,0.8938911329822907,0.9144142727312066,0.925353619951266,0.9177129931190764,0.9108611080994564,0.9182364219228558,0.9255442489073852,0.9194779071931902,-2.587928987351426,7.9593e-06,1.9549988595,1.9549988595,1.9549988595,0.6918569112,0.6918569112,0.6936896677,2.5905477301,0.0,1.5693e-06
66,22,2,-0.8087898487555973,-1.3295355354152605,-1.037230000197737,-0.6254772851272943,-0.4389934718817088,-1.1797930507216066,-0.9384771667335374,-0.4399334549614524,0.2748121035188878,1.333905690039059,0.4654654654654653,1.5465465465465469,0.6030019090395947,0.5995589744782586,0.5993261206063788,0.6050005577658117,0.6101085433997759,0.597245904653692,0.6004243498608922,0.6142204073267594,0.7942094896182126,2.1813936772708185,0.0533129971109558,1.1464612722968863,9.67928825998339,0.1163113359224121,1069.8579936080162,0.1521552323380938,0.5642570281124498,-0.5125468278827436,0.702995793823687,0.8006473884591201,0.766720303930658,6.0,0.0884140830844147,8.9521576001442,0.2905369194656632,0.9068482275300936,0.8467869535689537,0.8805882091836601,0.9279547902280936,0.9502978599469416,0.8669908477855284,0.8934382339681544,0.9502064514938406,-1.6621462295398175,0.6918569112,0.6386613501,0.0,1.17e-08,0.0,1.9549988595,5.58e-08,0.6918569112,7.4613e-05,0.6918569112
67,22,3,-1.2038962379840146,-0.9360715054576828,-0.8950477862934596,-0.7985224701980176,-1.162649652619352,-0.9810886312319438,-0.925896305801277,-0.8336303988629536,0.2754890204500015,0.9660174799522646,0.3053053053053052,1.3063063063063058,0.5,0.5,0.6666666666666666,0.6666666666666666,0.5,0.5,0.6666666666666666,0.6321428787504952,0.804593069886592,10.05463499673563,0.0266711001279595,0.6257911665558056,10.250127112618138,0.0598105628076922,26.90383995013999,0.163568049702903,0.5582329317269076,-0.5316847050094906,0.7512934984849229,0.8001208709220584,0.7668907078905572,4.0,0.1355444559965814,8.083867086484267,0.2976118714982639,0.8615494475424023,0.8923771952967197,0.8969741257654688,0.9081576428145156,0.8686581277730709,0.8891385910836804,0.895441654860208,0.9056062070109708,-2.699723694404806,6.9306240414,8e-10,0.7566346308,0.0,0.6918569112,0.0,0.7566346308,0.0,0.9771140516,2.5905477301
68,22,4,-1.3408095322692757,-1.111844595574658,-1.1234713467233424,-0.9177467141771878,-1.34175166124979,-1.1737389785193058,-1.1436514520798533,-0.9583111900383412,0.2760961048186321,0.880937190447399,0.3453453453453452,1.366366366366366,0.4801352287412547,0.4799909909004057,0.5,0.5,0.5,0.4583174327891793,0.5,0.5,0.7743428438037112,6.327914327320292,0.0610737280819377,0.897522818934791,6.588132450153834,0.1265131214195081,372.5114993749809,0.1786073141322791,0.5481927710843374,-0.5131723931833099,0.7400050670484983,0.801117283864421,0.769610503413354,7.0,0.1585361469606923,3.3871290837248376,0.3753220000177338,0.8457147961420068,0.8719663500970556,0.8709147894426077,0.8944795761892032,0.8486476771688577,0.8677719409260929,0.8702952214250496,0.8919151025573104,-2.2701700062087333,2.5905477301,0.6918569112,0.6918569112,0.0,1.9549988595,0.0,5.0627374564,0.6918569112,0.0,0.6918569112
69,22,5,-3.664113935314868,-3.683615516752844,-2.755129579431149,-1.7393507804832409,-4.206332237780171,-4.655146077722082,-3.100177697813011,-1.9433711733464167,0.2738114154235135,0.9224970052592174,0.2852852852852852,1.346346346346346,0.4412551132079356,0.4396403253661646,0.4436692448515685,0.4518198979703584,0.4377160994343211,0.4416773969637179,0.4376027250454226,0.4447145979742044,0.765930570588192,4.371676852829477,0.2570590994583633,1.3491642168152098,10.730651091283235,0.1305596092840457,125.65172728158714,0.3534487658840338,0.5441767068273092,-0.4104201194163123,0.7410533229209673,0.8043352596213296,0.7765078376802976,9.0,0.3360725883098365,9.558236069868084,0.5556614495163401,0.5779895400325051,0.575740672405023,0.683225860385741,0.7998746923871325,0.5234119583169734,0.4725863325534191,0.6492803956455349,0.7800961239892484,-2.0579677824649214,0.0,1.279e-07,5.0627374564,0.6918569112,1.9549988595,0.0016845163,1e-10,0.6918569112,1.9549988595,5.0627374564
70,23,1,0.0538109732461586,0.0320423294713609,0.0423547882292565,0.0440973064759555,0.0939646474107842,0.0400572050944889,0.0504508138842361,0.0519897730145251,0.3041262067182542,2.543345761304648,0.6856856856856854,1.726726726726727,0.4602765903402979,0.4628379096294052,0.6666666666666666,0.6664842381909539,0.46154969086232,0.4588749773474826,0.6666666666666666,0.6660660931542117,0.8573233305723016,-0.5615226358511749,-0.0043038283142602,0.2530305390520927,8.814999960336557,0.0277861693025107,27.00332191139621,-0.0009955826632584983,0.6666666666666666,-0.6025696947995083,0.6526392904048279,0.7575302337231897,0.6764767996916732,1.0,-0.003797803858299,11.780262489914463,-0.0215387587296503,1.006196674659922,1.0036913328909027,1.004872998042628,1.0050768839472748,1.0106347607723614,1.0045092110272926,1.0056979799745611,1.0058899519596456,0.354121546925366,0.7649224476,1.4101205057,1.2540923858,1.4405267063,1.5113537537,1.295606873,1.2088687703,1.2066303804,1.8025838035,1.3296399091
71,23,2,-0.0301754647447118,0.0022728814274906,-0.0228756758976551,0.00905384756261,-0.0958999723440792,0.025981875538509,0.022949911792808,0.031207494770916,0.3036804409029414,2.543345761304648,0.6656656656656654,1.766766766766767,0.4584320889028911,0.4527547827192357,0.6666666666666666,0.6666666666666666,0.4631298142890088,0.464064455156141,0.6657793222296442,0.6647432157024963,0.856788512839336,-0.5651026281300808,-0.0034858856379235,0.2269994719923181,8.253519880447584,0.0277450556371691,20.00996909228337,-0.0042561562244369,0.6646586345381527,-0.6001669643551639,0.6583749395826632,0.7592339953693078,0.6826787855469585,1.0,-0.0037576351013138,10.434993611990896,-0.0223089928094685,0.996526302505797,1.0002612014100491,0.997370598606792,1.0010419082370372,0.9891583055741304,1.002943672073469,1.0026027106835045,1.0035298535008872,0.3888077736664264,1.0001725512,1.4181186648,0.7964027658,1.0059268924,1.5756688203,1.1792192118,1.2362875478,1.6479590798,0.6960272886,1.5357724659
72,23,3,-0.0631782103582336,-0.0880378511004336,-0.0413220473594231,-0.0042560434040614,0.0023779858873274,-0.1038310897098098,-0.0646566308205454,-0.0070395833874838,0.3027765926491284,2.543345761304648,0.6856856856856854,1.776776776776777,0.4592994688082348,0.4598032682976178,0.6666666666666666,0.6666666666666666,0.4551060813006912,0.4591953327116486,0.6666666666666666,0.6666666666666666,0.8582069429709005,-0.6241286957067345,-0.0028615276181644,0.2660638909015551,7.928118099028616,0.0299971866342745,-110.26512391564869,-0.0033536682537022,0.6706827309236948,-0.6059465027002454,0.6624950233542015,0.7613143006999851,0.6874816952354899,1.0,-0.0032993868593634,7.225501608033243,-0.0225114274884075,0.992726718964156,0.9898640578476872,0.9952457178628588,0.9995107116380476,1.000266081599252,0.9882553393464256,0.9926788967386044,0.999203795339177,0.3138081857900592,0.7287970171,0.9487385422,1.2566481145,1.650172499,1.9075273297,1.1520921899,1.3124583012,1.1970912425,1.724770174,1.348888073
73,23,4,-0.0383687332355071,0.0157121820439645,-0.0415994519637106,-0.0076420030061354,0.0353840838925512,0.0246336787327079,-0.0608668037326136,0.0073389663399696,0.3045014419554949,2.543345761304648,0.6856856856856854,1.746746746746747,0.4637831845111936,0.4605848462406657,0.6666666666666666,0.6666666666666666,0.4635128133256713,0.4661368176732859,0.6666666666666666,0.6666666666666666,0.8576021277063016,-0.6015543273681663,-0.0045229786580945,0.2372678072503089,8.78364506097774,0.0255992312453993,-202.9895032640402,-0.0045852946489877,0.6646586345381527,-0.6026038773647757,0.6679326682535409,0.7614776720225034,0.6839847761209668,1.0,-0.0037099861496766,7.416831490171422,-0.0235838345829758,0.995583215629282,1.0018080661394615,0.995218389502098,0.9991208428462328,1.004002022373776,1.0027858113896917,0.993110017937737,1.0008287364543031,0.3743084536694164,1.3375512634,1.2067009594,1.067763364,1.8559232943,1.4315899918,1.7417042454,1.4767679171,1.8917724846,1.3595211114,1.6063115231
74,23,5,-0.0033137922506911,0.0305596015298208,0.0667622811575281,0.0187179044014147,0.0046445727264883,0.0658501526238843,0.063912782693059,0.0294577262794319,0.3035052697197921,2.5147004165935987,0.6756756756756754,1.746746746746747,0.4571798971651254,0.4586128198387145,0.6666666666666666,0.6666666666666666,0.4644909229810353,0.4617842458812884,0.6666666666666666,0.6666666666666666,0.8574144758907261,-0.5913341350989667,-0.0035200294717578,0.2320663239230045,8.398398884909911,0.027739490767915,-24.270676604689136,-0.0061789055194914,0.6646586345381527,-0.6072142107803565,0.6548908374727105,0.7573158918730158,0.6767053994654615,1.0,-0.0037740750319191,10.990681267184298,-0.0172526416653074,0.9996187368903382,1.0035205726333771,1.007670049611204,1.0021560407857897,1.0005199457155505,1.007441978464993,1.0072180827390946,1.0033244548374474,0.3373908581923432,1.1677520163,1.4701479094,1.4619665479,1.4991436087,0.9407118437,0.8763371862,1.3161686799,1.0783589561,1.3066062338,1.5950126928
75,24,1,-3.160796396183812,-2.744833185540549,-2.363152384691744,-1.663420667422468,-3.505519190986234,-3.0648693586731346,-2.6151314349086983,-1.7774545336476928,0.2745454482890492,7.342870447166758,1.1061061061061055,1.9869869869869872,0.4416251120894563,0.4419507658428534,0.4404613047029778,0.4414521647477446,0.4385626383057914,0.4492107311131517,0.4412158753366417,0.4430480205516878,0.8544866897325758,0.1005560570592714,0.233167907049532,4.350972399366007,1.4873956798286765,2.8986899869951124,250.0271626128651,0.408871236711876,0.5903614457831325,-0.4558824959906021,0.7886019274922442,0.8172565193233299,0.8853486388437828,1.0,0.7004613251521042,1.2321763857835812,0.80369905575068,0.6361581884604137,0.6844088063181202,0.7283685543319315,0.8083354247642465,0.6037403532825186,0.6532495179321002,0.7048641438143333,0.799055117362726,0.3420351524876409,9.3128450139,8.9399037547,9.9548190942,11.4718207194,14.8266553607,15.3923798977,12.5314709352,9.9509143009,12.4411177664,13.2381820068
76,24,2,-3.040945524770388,-2.676710731726008,-2.426748750014608,-1.8349623680189588,-3.384616869878835,-2.970457467475639,-2.6017993677045435,-1.926976714825126,0.2745191988236808,7.342870447166758,1.1061061061061055,1.9669669669669672,0.4442959943956659,0.4427780493713629,0.445963100279943,0.4431506229033092,0.4455027347798808,0.4475312934830679,0.4475303239615011,0.4443761526694946,0.8538164294008828,-0.0117902383968051,0.2446506483844592,4.367674049270899,1.3512220159425332,3.2813792829702955,241.44013666215488,0.4149390021261182,0.5903614457831325,-0.4651339082433167,0.7810506340553109,0.8177895989489374,0.8780572481490445,1.0,0.7239725924648351,1.227386367419106,0.8109760232784845,0.6503611037874228,0.6923628656275606,0.7204813209831726,0.789100211625172,0.6174391995155614,0.6640155285542424,0.7058190055866223,0.7826841902274689,0.285905328873407,10.2354129332,11.8211757923,11.4413137255,10.1624816217,13.7543595145,10.8637887757,8.6498387477,13.5685876393,9.72015806,12.0544363749
77,24,3,-3.1580933341608213,-3.0219626598589677,-2.785942535672602,-2.092550545591592,-3.4866489411176933,-3.336757821888802,-3.09159291055695,-2.341530373112616,0.2724103951180573,7.177467018086968,1.1061061061061055,2.007007007007007,0.4698736945108203,0.4712021359493511,0.469104842756829,0.4726087723326703,0.4670606126770488,0.4649831147830119,0.4721790985645929,0.473381998701465,0.8550855611410203,0.2357920097593744,0.2960111785381216,4.144235712474531,1.787043483923216,2.3643229594180832,155.15511705117416,0.4136735840563459,0.5913654618473896,-0.4431950851740348,0.783970757255636,0.8204351879166578,0.8840130974419764,1.0,0.694098846973317,1.8081058866396809,0.8261306372580066,0.636561717963098,0.6524623768458973,0.6793813985259272,0.7591133819193367,0.6060018643634784,0.6227961353971955,0.6487852035694599,0.734581310430259,0.5451789813600361,11.9803035209,7.665281724,15.9696188092,15.0649309316,8.6524574586,18.2755540457,10.1463041516,13.5289687945,10.9882912423,12.1292506845
78,24,4,-3.046060395339942,-2.772510547209804,-2.3599225729671494,-1.6312997329679493,-3.352394878044473,-3.0583539041951817,-2.6337863424357546,-1.77845405984016,0.2733593104919399,7.342870447166758,1.0860860860860857,1.9869869869869872,0.4411232499317098,0.438171480435683,0.4372869154902073,0.4423365169533586,0.440950050240521,0.4444951580191065,0.4406528025842694,0.4449355772040345,0.8517867615907644,0.0745112585648362,0.2384107392376039,4.3544289368534335,1.485558171625711,2.913196761434343,342.13979417929386,0.4167060353674632,0.5863453815261044,-0.4566175999370152,0.7879120662652053,0.8207327435556078,0.8784640462838911,1.0,0.6984376334839676,1.216245085091221,0.8097081370445336,0.6493475182314901,0.6807746461850823,0.7283834022940574,0.812187642294761,0.620835101823102,0.6530347762624376,0.7017910923384911,0.7989220573084573,0.3407793173477246,13.533016581,5.4170694402,13.9594365043,12.6663929312,13.0373799766,10.657643044,13.7345362347,10.9681109044,15.137141484,8.5328047955
79,24,5,-3.2167305264419843,-3.030362762392634,-2.747515790780356,-2.1168302698633568,-3.6199834133673208,-3.293426924515865,-3.0341659304101194,-2.329938780499888,0.2734284790852245,7.689283720758305,1.1061061061061055,1.9869869869869872,0.4671499086198046,0.4697601834161067,0.4762258356304496,0.4744066009313876,0.4669211446416952,0.4670832877598434,0.464808825361847,0.4679000361278114,0.8516624496082983,0.2140679598139441,0.2925231098670012,4.084769628381587,1.703513961235204,2.4690017825114188,8.320473313225879,0.4135317616744365,0.5903614457831325,-0.4426432771293271,0.7780631578586625,0.8199055425401419,0.8866397540541471,1.0,0.6965792436734244,1.8033485290828657,0.8239259186292286,0.6298310710440904,0.6508715288017711,0.6836944415214821,0.7567707171938823,0.5913330288282774,0.6275755203654805,0.656055741647043,0.7361645901922307,0.5288509112945552,19.0264198117,14.6608760508,10.7872197884,10.641123542,15.0846339269,12.9311991003,12.8004549798,10.4942127342,10.7805924424,12.7934660004
80,2,1,-3.239829611290455,-3.0552505687895164,-2.5532130592264664,-1.6929423583443532,-3.8221087909471096,-3.669345432758416,-2.883552760277969,-1.825791324330741,0.2642027886062597,742798.248256491,6.171171171171171,6.851851851851851,0.4526339252013593,0.4531342741211065,0.4518186968166209,0.4497425786809952,0.4524195312150889,0.4525685961848633,0.4482557273901011,0.4504698758895684,0.7598263522690698,-0.2308861495947802,0.6684009472169898,3244724.473415364,184.5908377372036,17352.000792459163,11337164.233594302,0.7133819957658168,0.5100401606425703,-0.2546638245071014,0.794677222574868,0.8205895554521576,0.8428719219225975,10.0,0.9970788059674356,704.0631037483474,0.9989325948714568,0.6267227056116829,0.6482817493582808,0.7063823387145847,0.8049736564936603,0.5660135908225254,0.5856140759534277,0.6740320463929846,0.7930465189625171,1.0088839367251228,0.0,0.0,0.0,0.0,0.0,0.0,0.0,0.0,0.0,0.0
81,2,2,-2.301189230168876,-2.314006035678969,-1.9588014640116755,-1.0542159405600793,-2.5782474187439197,-2.534421532976738,-2.095286076965233,-1.0951888123096167,0.2640305629382552,852964.4499741016,6.211211211211211,6.791791791791791,0.4705003561358354,0.4745382596679343,0.4739455221666597,0.4841962252463757,0.4706980916704515,0.4753164205122777,0.4770190519535204,0.4827111905509886,0.7645659450969887,-0.8204718567482514,0.0041047156877173,244164.27096058923,14.613780019062704,16396.59395076753,8652019.276995637,0.1434950013392596,0.5060240963855421,-0.3785151943211199,0.7901661641588669,0.8211743557641391,0.8461720677647901,5.0,0.9985687260857432,1061.5370739108143,0.9985266535898626,0.734940995141551,0.7337111688177504,0.774526995561009,0.8785482998785518,0.7089615991170426,0.7127713274132172,0.7630182369469316,0.8761679179071065,0.6521599249576544,0.0,0.0,0.0,0.0,0.0,0.0,0.0,0.0,0.0,0.0
82,2,3,-2.9921002875751483,-2.8835511128936364,-2.52986966968932,-1.653043092611671,-3.2473450870947533,-3.2931999430453693,-2.7436607464037057,-1.803404302809444,0.2636905735617771,646860.7661546321,6.211211211211211,7.072072072072071,0.4623814147257892,0.464840266158445,0.4524182277851456,0.4517514916052724,0.4682589655414534,0.4670250535665512,0.4511858927641842,0.4498689705812337,0.7174226671541584,-0.3901609776322992,0.8347056977097627,6473010.68344538,380.6284069307554,16971.715866936647,18894769.457268316,0.8580567496131835,0.5040160642570282,-0.219529807309726,0.7877868662829477,0.8202565105878847,0.8409662374548623,13.0,0.9982462034289126,693.9685215782854,0.998460419430892,0.6559432112972241,0.6682469832735026,0.7092559837903714,0.8098375643391059,0.6325670735015863,0.6277064003091617,0.6902697032873873,0.796912710669423,0.9680365563609696,0.0,0.0,0.0,0.0,0.0,0.0,62.6525536722,0.0,0.0,0.0
83,2,4,-2.8865365307777435,-2.798573924900849,-2.3659626569021124,-1.591092516259811,-2.8844247747726706,-3.0922230969805997,-2.5204264996413506,-1.6696431530674052,0.2634106051650042,617718.7597338489,6.251251251251251,7.092092092092091,0.4644713734582769,0.4648362723179478,0.4518968160471178,0.4572956439490754,0.47053327251213,0.4697493847637595,0.4563910033303781,0.4555447027832149,0.7016790715188925,-0.6820510466820819,0.8695535096015992,7207216.507399127,397.4801916349194,17987.656935413142,21272354.443219617,0.8883784256943834,0.4959839357429719,-0.2161214432381928,0.7929939740373723,0.8201595575800626,0.846003364806847,13.0,0.9971113456788936,328.31511975049347,0.9972354986642912,0.6678676146361646,0.6784966847100684,0.7279163372642767,0.8168975576818739,0.6747126809402968,0.649661093107023,0.7145667292704554,0.8108769236866177,0.8463162008187901,0.0,0.0,0.0,0.0,0.0,0.0,0.0,0.0,0.0,0.0
84,2,5,-2.0548566165094626,-1.7696919076683777,-1.5299438386928856,-1.0224173874033404,-2.1831076027800047,-1.9533816288685355,-1.6013991050943752,-1.035251397135653,0.2655571555193473,814537.1766280737,6.211211211211211,6.791791791791791,0.4791945984880543,0.4673484918801857,0.489059973365165,0.4776309862241564,0.4791466086306898,0.4761540902267973,0.4975406112127609,0.4841668825208437,0.7626415473765125,-0.8610115922588264,-0.0063632932281039,146673.37039028964,8.891616278535231,15464.576450209152,8537163.172504365,0.1333676742678193,0.5060240963855421,-0.3775173769309423,0.7832111231927212,0.8201964633387615,0.8378705852922461,6.0,0.9985275222317443,1310.0537310199877,0.9984584456648978,0.7637394450028658,0.7961744531373836,0.8237472163219293,0.8823330592816219,0.7520689898502848,0.7789718509500743,0.8188215577406063,0.8828753488133374,0.6433161069086283,0.0,0.0,0.0,0.0,0.0,0.0,0.0,0.0,0.0,0.0
85,3,1,-4.184070851103018,-3.846605898826228,-3.5429893427098347,-2.7006356563330853,-4.564073566932043,-4.176916568870404,-3.8572086572090343,-2.9790649355322927,0.2604958648596872,16.835508029612008,1.4664664664664668,2.1071071071071072,0.4712053747949035,0.4594456544346325,0.4404818331823107,0.4501056672216668,0.465609185081332,0.4605657303190926,0.4417519350720067,0.44412526317807,0.8273442401634061,-0.4807844443219597,0.6805993158239554,39.64127541771363,29.488081497585934,1.3340301518969993,-142.434541788349,0.7057976103429264,0.536144578313253,-0.3181400033530159,0.8321661197085337,0.8349566230858432,0.917922296836588,2.0,0.9758889026203804,8.660194283247256,0.9866907777385736,0.5184671920017003,0.557615856891055,0.5925369209605844,0.6893208584874457,0.4850318432825768,0.525788537098516,0.5640191402109969,0.6622969638604921,0.5598060022412056,0.0,0.0,0.0,0.9949590571,0.0,0.0,0.0,0.0,0.9949590571,0.0
86,3,2,-3.58664154787217,-2.87588310832592,-2.2991379224744826,-1.8008804330357808,-3.7347984713119775,-3.1557870542048025,-2.4855556950472266,-1.8710722782224485,0.2608439744348522,23.246970599856454,1.786786786786787,3.208208208208209,0.4521210731777531,0.4487600467534243,0.4523990920522256,0.45101804914304,0.446442039142137,0.449957657902833,0.4548315255489297,0.4521203569284038,0.7471231033473769,2.961669778030508,0.5876681708125483,387.33146359871273,75.10402575856719,5.075257795286517,1165.6547550380135,0.6307360754467255,0.5050200803212852,-0.2397446857041829,0.82551125205918,0.8307979404857266,0.9024375497041416,13.0,0.9137854337169202,116.15346930113148,0.9878398798888168,0.5871587705635389,0.6696462381792117,0.7353102053565992,0.792741842077376,0.5771135738138072,0.642707363216605,0.7191612657093476,0.7885389892847332,1.9712320376908967,0.0,0.0,0.0,0.0,0.0,0.0,0.0,0.9949590571,0.0,0.0
87,3,3,-3.728584034756766,-2.8445970369366456,-2.209125586939118,-1.7223937482759348,-4.053908121909805,-3.113264895521604,-2.334584384083323,-1.79155051966106,0.257691013304848,23.246970599856454,1.9869869869869872,3.268268268268269,0.4496405611363711,0.4476380817640029,0.4559348029853977,0.4588987535397301,0.4521210731777531,0.45229518553922,0.4564055159628969,0.4599205158054544,0.7085542931522478,0.7008572706090732,0.6951861723494321,715.3278744750157,149.11461681359117,4.760329053474338,1985.7168428623368,0.7338343966958625,0.4909638554216867,-0.2284960493135518,0.8330113212343611,0.8312270003789538,0.8963786930265065,16.0,0.9680372298782244,187.4242467966497,0.9942738878560614,0.5711889715861833,0.6728810731628063,0.7454496424200735,0.8017546240034117,0.5413914725889064,0.6477941908994493,0.7358422452817044,0.7965865322682546,1.4480789006120989,0.0,0.0,0.0,0.0,0.0,0.0,0.0,0.0,24.9523428068,0.0
88,3,4,-4.073884670621323,-3.899087827454576,-3.438046728109981,-2.7193648920912943,-4.352766404197976,-4.142972945260048,-3.71087571259337,-3.0327346685666843,0.2597832340404025,17.629753752872038,1.4864864864864868,2.1571571571571573,0.48282082340764,0.4848854177830732,0.4433570122679494,0.4519945739797091,0.4822095222702155,0.4809321521280602,0.4518198979703584,0.448050688868498,0.8130443618878723,-0.778266097782828,0.8957881723640293,57.229444038572765,10.322792538190935,5.537437369574176,429.4882961592939,0.9047237141158022,0.5210843373493976,-0.2468029157169387,0.8328152910796157,0.8361678040615796,0.9174098284585556,4.0,0.9940181462751358,8.447597086011957,0.9949466729048112,0.5312684845672888,0.551543298160813,0.604435410806647,0.6868787166938869,0.5067115277580907,0.5321536908228846,0.5804043307845818,0.6574920920382562,0.4686294820831039,0.0,0.0,3.9798311906,12.9571619047,0.0,0.0,0.0,10.3761043101,0.0,0.0
89,3,5,-3.993671855632875,-3.207489895181695,-2.605127245492865,-2.20842577293147,-4.313684118871814,-3.421586448598201,-2.862433610794912,-2.434856512037305,0.2588168888940163,19.33242287555043,1.886886886886887,3.208208208208209,0.4521117431969356,0.4516423382954564,0.4585409706533945,0.4522612959054799,0.4529305143616062,0.4538041230601486,0.4548938211831286,0.4552461911945897,0.7207308976940145,2.4416605276946948,0.6142371971380713,390.42433988303935,63.62081396424993,6.206011073275146,1366.074782252702,0.6460519442028904,0.5080321285140562,-0.2458021989002105,0.8303057922568053,0.8357950583157902,0.9090236940003262,14.0,0.9181872199368648,165.1507952831077,0.9887353022549968,0.5402156718775382,0.6308812880460622,0.7003075024124811,0.7459706714982022,0.513394667915994,0.6138911590398777,0.6771299381836848,0.7243147548104146,1.781497620199794,0.0,0.0,0.0,0.0,0.0,0.0,0.0,0.0,0.0,0.0
90,4,1,-4.942929739127338,-4.623731118766242,-3.977284339639646,-1.8509349420486283,-5.121660965266328,-4.934003608682986,-4.211200585984415,-1.922645079936034,0.2589100133240566,29.27294835042819,1.866866866866867,3.448448448448449,0.4870615866678984,0.4825770438090771,0.4775198105768001,0.4809448213232857,0.4932640008416262,0.490453638317455,0.4810943388807401,0.4787908783797904,0.7774683160320555,5.079975309450592,0.3448861796259265,328.77323497951966,14.544799543218922,22.447240491608483,809.6237243521072,0.3991726591879027,0.536144578313253,-0.2655812644848374,0.8303817407810439,0.8344926687660745,0.913320561824522,9.0,0.7528603990738588,38.79187676685321,0.9353949224417544,0.4316404603467508,0.4684368051157886,0.5421672926430814,0.7867777389972356,0.4199779017564659,0.4406767142083718,0.5243883903840789,0.7832421193503741,2.3511279558066307,0.0,0.0,0.9949590571,0.0,0.9949590571,0.0,0.9949590571,0.9949590571,0.0,0.0
91,4,2,-4.89491606074347,-4.366469014762146,-3.180067082037712,-1.768341300298835,-5.255004650284899,-4.884892338433611,-3.3242644579584137,-1.8377950840535573,0.2580606632847072,32.10010895543175,1.9869869869869872,3.408408408408409,0.4868858817820904,0.4752572128922998,0.4865764737962398,0.4780329249327827,0.4878384835366652,0.4897755083285334,0.4853000569907629,0.477415132508682,0.7616225221102542,3.231854677156994,0.4057580486503693,273.1439929562662,13.33410639662888,20.80748099141347,1570.981493185499,0.4669666985675662,0.5230923694779117,-0.2852075493691496,0.8276978775829633,0.8336130806571,0.9096764287501116,9.0,0.7958206880036722,37.298015316013135,0.9459916032792014,0.4365116549147951,0.4975957622098409,0.6343920482327765,0.7965052063225941,0.4051131191831459,0.4464179106089271,0.6239875763421289,0.7922501600800316,1.8820056173832345,0.9949590571,0.0,0.0,0.0,0.0,0.0,0.0,0.0,0.0,0.0
92,4,3,-3.835732366198726,-3.1938461252338888,-2.5200095381837917,-1.5129003977427389,-4.002141261086429,-3.353772838814652,-2.675134431486235,-1.6512890089550916,0.2597988791478706,40.4209583979631,2.0870870870870872,3.248248248248249,0.4527248020353038,0.4619144122007378,0.4528789430765377,0.4569159855149449,0.455700988014293,0.4607002439010381,0.4554438313662312,0.4557380936108505,0.7557494830953304,1.3058887985018224,0.5901811290346642,525.2457225154324,60.36141652570424,8.813820863675819,1800.1626450394028,0.6519021268065409,0.5180722891566265,-0.2658524142170351,0.8275036591110376,0.8333599274047605,0.9090818177941152,10.0,0.9356841652003388,57.46850433240935,0.9878759401779696,0.5585299062990181,0.633275404014567,0.7103267633702015,0.8258876191348585,0.5472576068113579,0.6211073032784241,0.697575675958688,0.8131073864698112,1.548646867615059,0.9949590571,0.9949590571,0.0,0.9949590571,0.0,0.9949590571,0.0,0.0,0.0,0.0
93,4,4,-4.183223025467143,-3.863998781694011,-3.482605965433501,-2.0959625134420974,-4.419162625960072,-4.142892050589412,-3.7915794187287366,-2.164447986345823,0.2613526368996424,32.10010895543175,1.886886886886887,3.148148148148149,0.4583841083509249,0.4583206858266382,0.4752984944562732,0.4736728460560939,0.4585662309447667,0.4629952460355762,0.4617314543415417,0.4571231167961069,0.7905845206475839,2.209395619697146,0.3254009566867897,174.9485054536797,41.03825087518007,4.108322628604535,989.0131645810038,0.3953710624231749,0.5371485943775101,-0.3220813676784881,0.8256504384523866,0.8329826570042531,0.909905334189606,7.0,0.7649584555854887,25.58206590487608,0.929032287216208,0.5182102682526654,0.5551216906196583,0.5992795913231357,0.7587784004391398,0.5001074783727666,0.530996865971378,0.5702979400670292,0.7537782893963862,1.65201127832939,0.0,0.9949590571,0.9949590571,0.0,0.0,0.0,0.0,17.6921547982,0.9949590571,0.0
94,4,5,-3.8227740202887777,-3.23515399933491,-2.542027086213303,-1.688920782727179,-4.052589868105502,-3.437319770831446,-2.7035998499670946,-1.7647914248966532,0.2600188274137813,25.49214654451421,1.746746746746747,3.398398398398399,0.4848051041937979,0.4808843026799723,0.469952871753679,0.4675452983490976,0.4830918502409339,0.4786926865359814,0.4733183965339236,0.4644521198150672,0.8020362911308547,8.379224179869677,0.2661989286645927,251.22176509378403,63.32514075329689,3.922103963702431,1063.298941224289,0.3161473571707301,0.5341365461847389,-0.2556507091663502,0.8236425349288572,0.8344107395013528,0.9047191451033088,5.0,0.6906305138704104,72.68712873949099,0.9042440579982788,0.5603884162900552,0.6280562655486734,0.707875119083218,0.8055458548217181,0.541196785047084,0.6105757454417422,0.6944840020127412,0.8002163367224271,2.927935969494612,0.0,0.9949590571,1.9899181142,0.0,0.0,0.0,0.0,0.0,0.9949590571,0.0
95,5,1,-2.4249071176428125,-1.8694041868871225,-1.3609946646839033,-0.8797145065721104,-2.7092850572421003,-2.1690940077221423,-1.5422025830549089,-0.9132426862503272,0.263152186330985,2.920555512182745,0.6456456456456454,1.0460460460460457,0.5014219661118666,0.5061664503702045,0.501696026866592,0.5061509036678647,0.4988146914519413,0.4991171023926111,0.5026720968453697,0.5003340863500063,0.8074421402609586,0.0190522159007771,1.0,10.0,10.000000000000002,1.0,98.60985161055396,1.0,0.4738955823293173,-0.3149381295563671,0.8112928225383423,0.8186979954807228,0.8441866198093322,1.0,1.0,7.376437017908668,1.0,0.7208458522971621,0.7850173314075775,0.8434872228602175,0.8987670591935893,0.6930895600533342,0.7548238286250745,0.8255212607320033,0.896727511245228,-0.0021721150926478,0.0,0.0,0.0,0.0,0.0,0.0,0.0,0.0,0.0,0.0
96,5,2,-2.237993115788614,-1.903322247589068,-1.7667794694279442,-1.4525021199157775,-2.518652021928429,-2.0837040144827856,-1.848023683797595,-1.498345863317614,0.2628366325199089,2.7889802923804394,0.6456456456456454,1.0460460460460457,0.4529849941912908,0.4558857904572874,0.4632573468413042,0.4588914075413265,0.454072888284488,0.4541688408492977,0.4510448573344175,0.4549038867225588,0.8074762928719615,-0.5058940640758229,1.0,10.0,10.000000000000002,0.9999999999999998,763.809851610554,1.0,0.4708835341365461,-0.2863438364992388,0.8145085577584716,0.8200756779762044,0.8475355088573377,2.0,1.0,7.162639136091469,1.0,0.7426071359886671,0.7812719388631004,0.7964429486080955,0.8329585636905816,0.7152095389197779,0.7640435930176769,0.7910965480544467,0.8308462407277025,0.0083578044466551,0.0,0.0,0.0,0.0,0.0,0.0,0.0,0.0,0.0,0.0
97,5,3,-2.4567242448536613,-2.308268059943381,-2.378497987678497,-1.6738929557971731,-2.684071392236916,-2.3925794734106374,-2.409621258572533,-1.7862993118378498,0.2628088030249674,2.72615650877771,0.6256256256256254,1.0460460460460457,0.4603850777367804,0.4574566690686548,0.449767502849856,0.4510243128119349,0.4571990116662502,0.4612884971536216,0.4549836409506561,0.4538256653124501,0.8083547792331662,-0.6353730774043176,1.0,10.0,9.999999999999991,1.0000000000000009,174.52985161055398,1.0,0.4748995983935743,-0.2723494130051264,0.8074646208278147,0.8192803836502142,0.8490762932387079,1.0,1.0,6.78136129853841,1.0,0.7173177145124912,0.7341308195370446,0.7262291133847707,0.8072649663386502,0.6970548814108547,0.7285309461676581,0.7275322583120966,0.7984659823743031,0.012148491240866,0.0,0.0,0.0,0.0,0.0,0.0,0.0,0.0,0.0,0.0
98,5,4,-2.627149951725921,-1.931498382028364,-1.4335375458207635,-0.9928173986849522,-2.925320116056095,-2.217364644022016,-1.603983514759936,-1.0170719183997845,0.2627999981441387,2.7889802923804394,0.6256256256256254,1.0460460460460457,0.4854991135592927,0.4780307020021124,0.483648567931199,0.4800095823321653,0.4828998301060666,0.4878955972961709,0.4843405436857905,0.486323107380998,0.8114472284910994,-0.0626265153539233,1.0,10.000000000000002,9.999999999999998,1.0,1049.489851610554,1.0,0.4738955823293173,-0.3079854923219063,0.8156650676432087,0.8183114899804376,0.8493541127410176,1.0,1.0,7.417420776873131,1.0,0.6974578651186332,0.7780075388765046,0.8348753685521193,0.885775961522715,0.6691545497328762,0.7494275566117563,0.8183743329190107,0.8850475949430134,0.0038933429207003,0.0,0.0,0.0,0.0,0.0,0.0,0.0,0.0,0.0,0.0
99,5,5,-2.6650369244460714,-1.974288109817352,-1.63782799848671,-1.450100186722875,-2.9524853307000645,-2.1801423792483625,-1.835868286055152,-1.615159143146264,0.2648297307232065,2.6633327251749805,0.6056056056056054,1.0460460460460457,0.4562939116748706,0.458301501186885,0.4593988967432358,0.4606432602740885,0.454507169910561,0.4600839513844177,0.4668743602753563,0.4557738574907005,0.8201007807463092,-0.7237220816839272,1.0,10.0,10.0,1.0,70.36985161055397,1.0,0.4879518072289157,-0.2731244389854693,0.8123000410655703,0.8165854238733767,0.843910246124736,2.0,1.0,9.012674551255978,1.0,0.6929667402894621,0.773052428507881,0.8116774367497641,0.8332714093081808,0.6657398503117782,0.7530285168565711,0.7924667155410718,0.8174313873570964,0.0044467692233905,0.0,0.0,0.0,0.0,0.0,0.0,0.0,0.0,0.0,0.0
100,6,1,-3.1897819854834277,-3.3052810149275618,-2.9890028542239104,-1.670261489118321,-3.346343729572531,-3.636592625601044,-3.3386131159583674,-1.7969478394683265,0.2557468610752057,12856.096069432964,4.34934934934935,5.09009009009009,0.5659846058749041,0.5700595027573474,0.5711172920689911,0.5574458330234624,0.5715286329778472,0.5661939320931391,0.5796162974347957,0.5893380355916776,0.7735111297699087,1.3902996892497064,0.5883541336284339,34158.207716238074,9.199448915692074,3768.396152978959,198031.6218128655,0.7822305123380471,0.4899598393574297,-0.3033854740011601,0.8214378226690788,0.8381100320219026,0.9048717214877244,6.0,0.7156882666448556,2.871041697983099,0.9769898361535082,0.6329611857755828,0.6195298264084953,0.6561650839323703,0.8075555768853008,0.6221346236688848,0.5892597766813172,0.6220175293213404,0.7967062340854847,1.1427747391114933,3.2e-09,0.0002675082,8.74148e-05,138.1631235091,2.013e-07,2.28e-08,24.7139432336,1.3e-09,5.9e-09,7e-10
101,6,2,-5.196515727151144,-4.814856030847391,-4.558500229895131,-3.79137936003852,-5.400199404693573,-5.023824013505868,-4.733645646256695,-3.97202807587408,0.25671573079435,13462.60579298911,4.2692692692692695,5.29029029029029,0.5013671761596975,0.4992483108277174,0.4414620385500325,0.4418056892032674,0.4999469146937153,0.5011165442550304,0.4328195436430709,0.4397019702247908,0.6616866504724088,0.3885108866809974,0.7848163476612615,53157.25574416618,4.4453488107682135,12051.798866012256,300351.0815447896,0.9523995917392034,0.4919678714859438,-0.1770121845036349,0.8367315077335065,0.8329767059779489,0.9035456771074896,12.0,0.8600412866391348,4.696854310326515,0.9898277527521396,0.4014606122968341,0.4461346188253771,0.4760739042461649,0.5637147960545026,0.3899906419740897,0.430448387402242,0.4641703464904946,0.5499501681548845,1.1836714278701808,9.21829e-05,1.403e-07,9.218e-07,5.8158e-06,0.00026702,0.0079452968,6.387e-07,0.0002740913,1.1463e-06,1.56137e-05
102,6,3,-3.357489344298432,-2.740099375125872,-2.2990017294923764,-1.8788765166314776,-3.625961690943495,-3.07881493155791,-2.5338959076235805,-2.0514162552848334,0.2575987518156388,15459.277364194786,4.44944944944945,5.15015015015015,0.4578628090385541,0.4628098295996709,0.4651682734445139,0.4602315599960369,0.4582426980518707,0.4592629369910318,0.4612706793612181,0.4531655434225016,0.7998899638800705,1.1255251346563822,0.7477020074522782,36229.16942468088,3.440610712820232,10565.98334236456,321192.4319086872,0.8684177627843264,0.4889558232931726,-0.2997484593383099,0.8337007912474041,0.8328662654596026,0.8918933904425319,5.0,0.8566242457134751,2.3475813884947208,0.9837408002088608,0.613644486289459,0.6847452871489104,0.7354382503854713,0.7838724502991486,0.5899325639401675,0.6516487304088993,0.7140015052136399,0.7689073447498527,0.9523614002610228,12.5823952364,5e-10,12.5824042239,2e-09,12.5823955468,0.0020235504,4.691e-07,12.582395478,2.1e-09,12.5823951765
103,6,4,-4.946929323807091,-4.552889811695795,-4.112261119658285,-2.4093796087418298,-5.390455941776187,-5.081369486559344,-4.667198308640238,-2.7378619354434446,0.2565835636358063,28148.123605075813,4.78978978978979,5.43043043043043,0.4796606630783601,0.4789953600076116,0.4486317092482497,0.4577098611351212,0.4758005984287319,0.4696900141981356,0.4500250753205828,0.4515936379531012,0.7850259799542918,-0.3105899448513673,0.9203260174251782,133236.76898014196,8.413478543480895,15733.075149013172,853918.5519724999,0.9628931533234122,0.4738955823293173,-0.2468508089472055,0.8340909786103747,0.8324750873908382,0.8960900438421628,7.0,0.958391846904709,3.772289727751695,0.9942232237379788,0.4305333567138762,0.4758145123167763,0.5264535756449736,0.7225386242092597,0.3915418645058877,0.4263042962695932,0.469890678901218,0.6901394885577161,0.6660559484250781,2.4429278202,2.4429278168,18.6946124824,2.4429339852,18.6946124824,1228.7109781066,18.6946124824,2.4429503702,2.4429294557,2.4429278045
104,6,5,-4.945644645936117,-4.564583529079437,-4.446277617989178,-3.7310815267976607,-5.102707301026831,-4.722115393444551,-4.591370704763165,-3.898943279382381,0.2552703626616676,18589.56679635688,4.64964964964965,5.45045045045045,0.5139442362371114,0.5164612961353219,0.4494300887329616,0.4539151405060657,0.5142437734492374,0.5199992156159379,0.4411410719053921,0.4394386713039723,0.7383470061505768,-0.8501825145068815,0.9265579693796456,123119.04406946564,5.574894296024558,22097.254467997976,792041.6692642837,0.9731131975679256,0.4779116465863454,-0.1852489252897889,0.8433013774753413,0.8344326153051427,0.9051114075010154,8.0,0.9616913305399456,3.702220092030089,0.9963942068458448,0.4308381213800367,0.4739998551913466,0.4886242450853905,0.5708068725864246,0.4229884890334805,0.4647042285412263,0.4807499887899985,0.5579831882622418,0.5939351340219259,4.71e-08,0.0005013384,13.6942804819,0.0002778566,34.5890085358,0.0002510903,0.0009538645,19.184142841,0.0046335895,1.22958e-05
105,7,1,-3.607994384802349,-2.385534069768604,-1.7563865060510042,-1.1817395563030215,-3.9139263428033657,-2.6104162632727346,-1.8500983439235288,-1.2157363715027492,0.2657070966296802,33.61449000108769,1.856856856856857,2.667667667667668,0.5009335728100297,0.4977972133444714,0.5696796556355498,0.5712871263167185,0.4931978436861454,0.5002608315812447,0.5651000412530325,0.5534858149402409,0.7813635658096523,2.893991806601887,0.0027044488870849,16.18348069030872,8.787604113307246,1.6625780304970923,635.3587481549482,0.8212488913107654,0.4979919678714859,-0.3020084148750283,0.818246757983196,0.8308742832304283,0.9027273679603788,6.0,0.3723185320200288,11.612976448873304,0.9950941465186408,0.5847261001863622,0.7253408431101926,0.797798783878675,0.8641049187820371,0.5564551276478624,0.7042765213289669,0.7907710353255728,0.862458341826202,1.5312592208378133,0.0,1.8336524316,0.0072993414,0.0,0.0,0.0,0.0,1.8336524316,0.4584131079,0.0
106,7,2,-3.8936509679620976,-3.448525222837987,-2.99719951193774,-2.225495645773764,-4.086236535563832,-3.754026722026446,-3.307164503831517,-2.5391163797095317,0.2722329145681289,38.59993617679771,1.846846846846847,2.5075075075075075,0.4612353152795001,0.4584467281414375,0.4589099610337404,0.4555790040430846,0.4584068917188405,0.4610688409171029,0.4624994998359944,0.4518654686441484,0.7977602746698154,0.1091254338697005,0.8283840849384443,117.66321340774569,2.858065193129141,40.84484094618489,849.2549893502301,0.9284975431381676,0.4859437751004016,-0.2630233994196396,0.818331278249739,0.8269513136516894,0.9097974265482224,4.0,0.9039973493767576,3.2398081023051697,0.9962964811923988,0.5513779401654542,0.6032300244813877,0.654995164682135,0.7438427262018614,0.5379885571902724,0.5757160935249084,0.6247887824243226,0.712777393406796,0.7473175401412143,0.0,1.0705922626,0.0,1.0705922626,2.3141079361,0.0,1.0705922626,0.6615932945,0.1525386911,0.0099537107
107,7,3,-3.700571836069371,-3.4927196975992976,-3.4231202157633485,-2.7039249663581084,-4.031654859328928,-3.9026273606969535,-3.749497684641152,-3.004698543655981,0.271127943685396,38.59993617679771,2.007007007007007,2.847847847847848,0.4708600392499873,0.4772479141020201,0.4412968914028119,0.4382859611248044,0.4771946355689618,0.4697136967808547,0.4448615177575847,0.4518377199759907,0.7573655359727387,0.6920832079164005,0.841504631305479,236.75081981958328,11.18942131207356,21.18617534080531,1315.0621567469966,0.9611389264544604,0.4979919678714859,-0.2153778374872957,0.8156613260144798,0.8257441052990546,0.896365642264801,9.0,0.896382819131484,17.961863070660698,0.9977012121639964,0.5742474417153349,0.5981087363938257,0.6061567299107475,0.6892165851987371,0.5423868319975673,0.5597577774550299,0.5761880161741197,0.6605049852313007,1.0823538169658078,0.379931707,0.0,0.0,1.6295530122,0.0,0.0,5.2484210866,0.0,0.0,4.5967755646
108,7,4,-3.076610279030556,-2.5342123813594686,-2.019621326388387,-1.5898658063609197,-3.4017534834759227,-2.918646913431626,-2.346636905163386,-1.7478303020156924,0.2706152748366092,29.27294835042819,1.726726726726727,2.4474474474474475,0.4373115315475601,0.4405775884107058,0.4336588578121029,0.4427938489842301,0.4391431445910737,0.4418689927957774,0.4392252646087666,0.4480277669792491,0.8108139601642508,1.7083257967533338,0.372543450142384,54.36334801194188,8.55462127417987,6.708842480863121,607.8700744293596,0.7746089290493766,0.5040160642570282,-0.3156070676743002,0.8150607882831342,0.8258571513945154,0.9036941973439384,3.0,0.6747287628480636,6.392950551268655,0.9938202718308352,0.6460158780118468,0.7084043614946834,0.7675986620814126,0.8172084100632651,0.6149201053509066,0.669345204412729,0.7349043778978998,0.802393329699405,1.032584127093957,0.0,1.8169189414,0.0,0.0,1.8169189414,0.0131486516,0.0,0.0131486516,0.210646474,0.0
109,7,5,-2.7097005791960767,-2.3909858154561863,-1.9284360830684828,-1.4782039541275576,-3.111224912675165,-2.761360684399855,-2.238282136832356,-1.7100499911307567,0.2667495553319193,29.27294835042819,1.766766766766767,2.4474474474474475,0.4775028905267603,0.4748875746340608,0.4799069261153084,0.4763758531324861,0.4710217681311338,0.4777938410446147,0.4816766039584527,0.4822806046229568,0.805120179050425,3.9617071057789865,0.2665848988252124,45.0231672508386,4.661947579637916,9.551004595204986,517.3261336464052,0.7632159049508428,0.5040160642570282,-0.3274761902700982,0.8127798421488494,0.8299301600215063,0.9002595663959617,2.0,0.4971426924474338,2.069782874905664,0.9923759627209022,0.6888443428005135,0.7245407637037831,0.7781292244821285,0.829832129988177,0.6480243539027428,0.6882904519730797,0.7468206091177224,0.8060796033546787,1.6580903232753723,0.0,0.0,0.0,0.0,0.0,0.0,0.3529944994,0.0,0.0,0.0
110,8,1,-3.9001850110504894,-3.3508718090257554,-2.781221068574059,-1.973552726569669,-4.147404936016969,-3.6414890018128343,-3.0397869114001117,-2.1471700164426117,0.2535910776141153,5607.234882852038,4.069069069069069,4.70970970970971,0.4560673836050113,0.4617546060763366,0.4592924978870395,0.460943859003138,0.4552077207739192,0.4573711787517858,0.4610048441952495,0.4572600129245011,0.7752998262761037,1.0169880900901824,0.3966964001656419,7154.576323499816,8.980904680038066,813.9512313500725,66931.67253956897,0.4273564688346573,0.5180722891566265,-0.3987434109386545,0.8365132133044151,0.8409109498245639,0.9221930841885037,4.0,0.8619101369719298,19.13689299054765,0.9730151211217324,0.551999771822333,0.6149859695372921,0.6799092142028711,0.7730398035044521,0.5308639841135685,0.5883866473346795,0.6559682555562378,0.7577513850435794,1.0809813936465225,9e-10,0.0002202899,0.0,0.0,4.1e-09,5.57e-08,1.73e-08,2.6e-09,0.0,1.43194e-05
111,8,2,-3.953992357241676,-3.248150979850278,-2.73756941069283,-2.128726191362543,-4.314329193354359,-3.589119614305072,-2.9909870587992016,-2.3087237314828477,0.2542561610761769,8490.415204088755,4.3093093093093096,5.17017017017017,0.4519782758684643,0.4518880360942613,0.4539941195006269,0.4513165579738062,0.4545375613323505,0.4522174786256934,0.4585906838111356,0.4563204550750851,0.747474169067722,0.972400149202396,0.6854442860066206,46300.31701225614,15.846079072344583,2937.0280122641825,170973.1842168316,0.7060597456633138,0.4949799196787148,-0.2950658965421775,0.8426606599578991,0.840535106770087,0.9161046527769534,8.0,0.9505276903200096,56.25842683952621,0.9973288079191712,0.545206626229407,0.6266414841457824,0.6848872419598371,0.7552020236511441,0.5101308015739774,0.5935834835391269,0.6626711797965479,0.7387145478435909,1.2778289863176546,1e-09,0.0,7.3545548307,613.4164166553,1e-10,0.0,8e-09,0.0,7.3545548307,0.0
112,8,3,-4.535243879001685,-4.051451886118688,-3.6738688788869394,-2.623067722169717,-4.698903204067495,-4.237308055579868,-3.8621845798157537,-2.823965746545442,0.2528864303305974,10209.606623060476,4.3093093093093096,5.07007007007007,0.459225016489636,0.4654216778037803,0.4670804608055641,0.4631717002027321,0.4617367961465691,0.465571846891527,0.464973634917224,0.4585170375346654,0.7478743919356948,0.5786818724533849,0.6431427117435515,32323.421423961365,6.161409776490039,5342.874001149163,157047.60070845013,0.6693187377459886,0.5020080321285141,-0.3208269645803884,0.842362081871112,0.8415290691424264,0.9184810025050284,7.0,0.937067079383173,34.98405236911135,0.996131908490008,0.4787766498770418,0.5335351159045004,0.5774576302939538,0.6980155497567201,0.467373041688046,0.5209736881048288,0.5627657559602139,0.6804489818941661,1.0926061157541764,8.4e-08,2.706e-07,3e-10,5.2e-09,3.930839442,0.0,0.0,0.0,0.0,1e-10
113,8,4,-5.8143499104813055,-5.222080129643025,-4.718165281233446,-3.588073709506994,-5.9384069716799415,-5.496516269683525,-4.927312049326813,-3.806488091408521,0.2498200535141568,5607.234882852038,4.2292292292292295,5.05005005005005,0.4734334063913041,0.4697809101117208,0.442679846102921,0.4456896222516842,0.470319255759213,0.4668930564456143,0.4426467517688244,0.4510448573344175,0.6919403945851609,0.2670628511819943,0.6739305191674512,31576.28104383825,6.234789407505993,5094.278235804629,146800.916405276,0.6954083390158247,0.5100401606425703,-0.2939712479291272,0.853237195012436,0.8467459170834184,0.9329647048254668,11.0,0.9407214735998006,37.08746532709156,0.996221327842098,0.3312813721451328,0.3981794296814347,0.4564785733377141,0.5869174692820512,0.3269675690799748,0.3784420659759944,0.4419104583897749,0.570123995662879,0.9908883647201164,9e-10,4e-10,5.1111e-06,0.0,0.0,0.0,0.1304886099,0.0,0.0,3.9308394344
114,8,5,-3.529443952165851,-2.969740483376809,-2.590095905016872,-1.7815275032878763,-3.702139009565333,-3.1847488548655645,-2.734592451921319,-1.880888649867768,0.253191460621192,12276.910479883603,4.36936936936937,5.07007007007007,0.5103725316146042,0.5095617340701409,0.5024616774596078,0.5017849081049648,0.5011896633455311,0.5034992284034896,0.5132801737886314,0.511699289058127,0.7710006512188423,0.7104723663272301,0.6357073427144451,31776.44121925193,6.780548593801884,4654.093531282792,170757.3584853905,0.6583108234139625,0.4979919678714859,-0.3429304298255139,0.8317318902357251,0.8380019494356064,0.8980809508784549,6.0,0.9352853291399572,39.346549552126056,0.9960936048332836,0.5942347991257564,0.6580074626608063,0.7014786027431517,0.7950291364849511,0.5798588612112742,0.6392803375544645,0.6903770072014332,0.7876419562139219,1.0663345021657178,0.0,6.929e-07,3e-10,6e-10,0.0,0.0,4.9350608019,0.0008425979,0.0001970152,0.0
115,9,1,-4.0188566332747815,-3.1643740516359484,-2.5795145712920826,-1.7531147290729727,-4.408401789327759,-3.518634561288665,-2.8596583539258487,-1.9003870389871695,0.2537048191311661,6148.77765381003,4.089089089089089,4.86986986986987,0.4612781572876404,0.4526059288328382,0.4665986030525587,0.4608059366744484,0.4625119198538717,0.4654472975002182,0.4659573952519035,0.4642073199250519,0.787288267101806,7.241132879995732,0.0461399559039985,5442.610384431109,16.116485434855882,352.05525816394174,72628.1347111098,0.30033266824423,0.5200803212851406,-0.3781606014240422,0.8426560227735048,0.8408385995640167,0.9213214267664712,4.0,0.5830693741390847,1.4086050313282477,0.8702021193248741,0.5382681179159685,0.6358195804729525,0.7027840500957592,0.7983706784671015,0.5010993330769993,0.6025924795015771,0.6763671760688916,0.7853196129751702,2.2308173034566283,5.4289e-06,0.0044546322,67.5048340828,0.0345374152,4.83e-08,2.8732e-06,4.41e-08,3.9366535052,0.001865984,0.0005171427
116,9,2,-4.070686923314872,-3.3670499065343167,-2.854049419197738,-2.0224628265173483,-4.428876022127655,-3.848535284057422,-3.2082448577418314,-2.277028473224232,0.2535948831044238,5354.620899273613,4.049049049049049,4.84984984984985,0.4822478416480094,0.4842146905161441,0.504470293500173,0.5182851209241995,0.4821590503943376,0.4810858697523413,0.50549099828003,0.501565220503796,0.7773412552347571,7.1687862918435785,0.1182723702233249,5088.674303697928,10.3482158050303,493.8194578070416,66207.18267488232,0.3108991460361406,0.5180722891566265,-0.3695415743272345,0.8440771834091843,0.8428289170407275,0.93277551627208,4.0,0.6192186933474367,4.14400449819086,0.861233625589956,0.5321676431947648,0.6124930640103106,0.6718218496716554,0.7674892768517632,0.4994781016137181,0.5646500263125367,0.6379973119967501,0.743070814382494,2.164313142236235,0.0,4e-10,1.089e-07,1.9e-09,2.269e-07,2e-10,1.604e-07,8.9e-09,6e-10,0.0
117,9,3,-3.8604701142030113,-3.0654842397756417,-2.383399322866722,-1.6712879719782356,-4.3293798216123225,-3.419104729937017,-2.7851453292086954,-1.8548758806600936,0.25433077870445,6438.857427240426,4.129129129129129,4.92992992992993,0.4501300752565661,0.4504461128409058,0.4497045371206374,0.4603921556530486,0.448244627812472,0.4460807089615182,0.4473252556825002,0.450283708120012,0.776186233030321,6.407398661477691,0.0833051419969668,7514.632360461213,21.597075079782925,338.1629538933803,83299.5954517927,0.3798326699600734,0.5080321285140562,-0.3487635543812245,0.8400563577496079,0.8391647104604373,0.9160612515878356,5.0,0.6020027832463901,2.1967260025597604,0.8617498662439231,0.5556923450924873,0.6477605739743907,0.7259433899774383,0.8076456293481968,0.5107600560029442,0.6131245302283078,0.685513671702713,0.7900770437175999,2.110417331091388,0.0591704971,4e-09,3.2e-09,6.5258e-06,4.5208e-06,1.1e-09,9.3e-09,3.9310982364,2.86952e-05,0.0
118,9,4,-3.939455105604668,-3.21339909342729,-2.5544831556182714,-1.7880022216205045,-4.230691308449172,-3.521825903278019,-2.931653560976744,-2.0097437757509176,0.2521476142721272,5607.234882852038,4.059059059059059,4.86986986986987,0.4528837532305693,0.4518971774646824,0.4531221046086815,0.4590114430120388,0.4491456819430197,0.4521812252913074,0.4535186534042301,0.4519161422458153,0.7777656612030588,7.172179859021201,0.0804747939043792,3926.0979837992895,9.702679588164036,406.6246746863315,68817.11144453356,0.3166983281372003,0.5140562248995983,-0.3581536188625742,0.8429007901363245,0.8429226913292247,0.9264889144777394,4.0,0.5506427754375672,1.6790808632466514,0.8581410988823457,0.5473071725704948,0.6300607675117008,0.7062382733961109,0.7944238578116087,0.5224209248603454,0.6018378969775591,0.667974851784294,0.7724516525485872,2.3137632406967907,1.5e-09,1.09e-08,0.0059722851,3.9308394341,1e-10,1.4403e-06,4.91476e-05,0.0,1.673e-07,7.9e-09
119,9,5,-3.953577372485332,-3.0601233671645445,-2.5082576034374187,-1.6733315840391056,-4.256143428781883,-3.460973190378202,-2.877067513147713,-1.8808465242111845,0.2570381425829882,5739.50063679265,4.089089089089089,4.90990990990991,0.4520486862009613,0.4468682889289338,0.4521961132209774,0.4584262353345912,0.4357719806243996,0.4427612750462112,0.4414378096123633,0.4503160042072446,0.78130096932265,8.164612923477703,0.0755283828769119,4119.034888056958,9.076676378044954,476.868996172238,78102.32336491252,0.3828486767653773,0.5180722891566265,-0.3436961537697534,0.8391139398977858,0.8390017281791742,0.925521223038056,5.0,0.5857534517064906,1.9210811451058227,0.8814909487274021,0.5447776203353045,0.6482343414255451,0.7116022858325217,0.8074571009670704,0.5187953011906355,0.6089579306962256,0.6745105287493396,0.7872548308225273,2.3221560087961715,3.9309032388,1.7e-09,7.72e-08,4.21e-08,3.9308394656,4.2e-09,0.0,1.64e-08,0.0,7.6e-08
